3.3
3.3
3.3
3.3
3.3
2.685974
2.657725
2.633554
2.619858
2.603745
2.595688
2.58038
2.575546
2.562655
2.560238
2.548153
2.548959
2.534456
2.540096
2.524788
2.529622
2.516732
2.52076
2.50948
2.513509
2.504646
2.507869
2.501424
2.500618
2.497395
2.495784
2.496589
2.490144
2.494173
2.486116
2.491755
2.483699
2.49095
2.478865
2.488533
2.478059
2.483699
2.476448
2.483699
2.476448
2.47967
2.476448
2.478059
2.472369
2.477253
2.471563
2.476448
2.470757
2.472369
2.469146
2.472369
2.469146
2.469952
2.467535
2.466729
2.466729
2.46834
2.465924
2.467535
2.465924
2.465924
2.464312
2.464312
2.463506
2.462701
2.462701
2.461895
2.461089
2.460284
2.460284
2.461895
2.461089
2.459478
2.458672
2.457061
2.457867
2.457061
2.45545
2.453838
2.453838
2.453838
2.453838
2.454644
2.453033
2.453033
2.451421
2.453838
2.451421
2.450616
2.44981
2.451421
2.449004
2.449004
2.449004
2.450616
2.446587
2.449004
2.443365
2.447393
2.442559
2.447393
2.440142
2.446587
2.439336
2.445781
2.43853
2.447393
2.437725
2.444976
2.436919
2.440948
2.436113
2.439336
2.436919
2.43853
2.437725
2.436113
2.435308
2.432891
2.436113
2.430474
2.434502
2.430474
2.434502
2.427251
2.434502
2.427251
2.435308
2.427251
2.431279
2.42564
2.431279
2.42564
2.431279
2.424834
2.428057
2.424028
2.428862
2.423223
2.428057
2.423223
2.428057
2.422417
2.424834
2.421611
2.424028
2.422417
2.423223
2.420806
2.421611
2.419194
2.42
2.417583
2.419194
2.417583
2.417583
2.415972
2.416777
2.415166
2.415972
2.417583
2.415166
2.415166
2.413554
2.412749
2.412749
2.412749
2.411943
2.411943
2.407915
2.410332
2.409526
2.409526
2.40872
2.407915
2.407109
2.407915
2.407109
2.406303
2.406303
2.407109
2.406303
2.405498
2.404692
2.406303
2.404692
2.403886
2.404692
2.403081
2.402275
2.402275
2.401469
2.402275
2.401469
2.400664
2.399858
2.399052
2.399052
2.399052
2.399052
2.397441
2.398247
2.397441
2.397441
2.396635
2.39583
2.396635
2.39583
2.39583
2.396635
2.394218
2.39583
2.393413
2.393413
2.392607
2.395024
2.393413
2.394218
2.390996
2.394218
2.391801
2.394218
2.392607
2.395024
2.390996
2.393413
2.39019
2.392607
2.389384
2.391801
2.388579
2.39019
2.387773
2.391801
2.386162
2.390996
2.385356
2.39019
2.386967
2.39019
2.386162
2.39019
2.38455
2.39019
2.385356
2.390996
2.383744
2.388579
2.382133
2.39019
2.382133
2.389384
2.382939
2.389384
2.382133
2.387773
2.382133
2.388579
2.383744
2.385356
2.38455
2.382939
2.385356
2.38455
2.386162
2.382939
2.386967
2.382133
2.386967
2.381327
2.388579
2.382939
2.387773
2.381327
2.386162
2.379716
2.386162
2.385356
2.385356
2.382133
2.386967
2.382939
2.386162
2.379716
2.385356
2.383744
2.385356
2.382939
2.38455
2.382939
2.38455
2.382939
2.38455
2.382939
2.38455
2.38455
2.385356
2.38455
2.38455
2.38455
2.385356
2.385356
2.386162
2.385356
2.38455
2.383744
2.38455
2.38455
2.38455
2.383744
2.385356
2.385356
2.385356
2.386162
2.386162
2.38455
2.38455
2.386162
2.385356
2.386967
2.387773
2.386162
2.386967
2.386162
2.386162
2.385356
2.386162
2.386967
2.386162
2.386967
2.386162
2.386162
2.385356
2.385356
2.386162
2.385356
2.387773
2.38455
2.387773
2.385356
2.386967
2.38455
2.388579
2.385356
2.388579
2.383744
2.387773
2.385356
2.389384
2.385356
2.388579
2.385356
2.388579
2.386162
2.389384
2.383744
2.39019
2.383744
2.390996
2.38455
2.39019
2.383744
2.391801
2.383744
2.391801
2.385356
2.390996
2.383744
2.392607
2.386967
2.390996
2.387773
2.391801
2.39019
2.389384
2.387773
2.389384
2.39019
2.389384
2.39019
2.387773
2.391801
2.388579
2.391801
2.386967
2.393413
2.387773
2.393413
2.388579
2.393413
2.386967
2.393413
2.386967
2.395024
2.388579
2.395024
2.387773
2.394218
2.388579
2.393413
2.39019
2.394218
2.389384
2.395024
2.389384
2.393413
2.389384
2.395024
2.39019
2.394218
2.392607
2.395024
2.392607
2.394218
2.390996
2.392607
2.392607
2.392607
2.392607
2.392607
2.393413
2.394218
2.393413
2.393413
2.394218
2.394218
2.395024
2.393413
2.394218
2.39583
2.395024
2.393413
2.39583
2.394218
2.394218
2.395024
2.395024
2.395024
2.394218
2.395024
2.39583
2.395024
2.394218
2.395024
2.395024
2.39583
2.394218
2.396635
2.395024
2.398247
2.394218
2.397441
2.393413
2.398247
2.394218
2.398247
2.393413
2.398247
2.394218
2.399052
2.395024
2.399858
2.393413
2.399858
2.39583
2.399858
2.395024
2.399858
2.39583
2.400664
2.395024
2.399858
2.397441
2.398247
2.398247
2.397441
2.399858
2.397441
2.400664
2.396635
2.401469
2.396635
2.402275
2.396635
2.403081
2.397441
2.403081
2.397441
2.402275
2.399052
2.403081
2.398247
2.403081
2.399858
2.403081
2.399858
2.402275
2.399858
2.402275
2.400664
2.401469
2.401469
2.400664
2.402275
2.401469
2.403081
2.401469
2.402275
2.403081
2.403081
2.403081
2.403081
2.403081
2.403081
2.403081
2.404692
2.403081
2.403081
2.404692
2.404692
2.404692
2.405498
2.404692
2.405498
2.406303
2.405498
2.406303
2.405498
2.407109
2.405498
2.407109
2.404692
2.404692
2.403886
2.407109
2.403081
2.407915
2.402275
2.40872
2.404692
2.40872
2.404692
2.409526
2.403886
2.410332
2.403886
2.410332
2.404692
2.409526
2.404692
2.410332
2.404692
2.410332
2.404692
2.410332
2.40872
2.40872
2.40872
2.409526
2.409526
2.407915
2.410332
2.407915
2.411138
2.406303
2.411943
2.407915
2.411943
2.407109
2.413554
2.407109
2.41436
2.409526
2.413554
2.409526
2.413554
2.40872
2.41436
2.407915
2.41436
2.411943
2.413554
2.410332
2.41436
2.411138
2.41436
2.411943
2.41436
2.411138
2.41436
2.413554
2.413554
2.413554
2.41436
2.411943
2.413554
2.41436
2.415166
2.41436
2.415166
2.412749
2.41436
2.415166
2.41436
2.415166
2.416777
2.415166
2.415972
2.41436
2.416777
2.415972
2.415166
2.415166
2.415166
2.415972
2.415166
2.415166
2.416777
2.415972
2.418389
2.416777
2.419194
2.41436
2.419194
2.415166
2.419194
2.415972
2.417583
2.415166
2.42
2.417583
2.419194
2.41436
2.420806
2.415972
2.422417
2.415972
2.421611
2.415972
2.420806
2.415972
2.420806
2.415972
2.422417
2.417583
2.422417
2.417583
2.421611
2.417583
2.419194
2.419194
2.42
2.42
2.419194
2.421611
2.419194
2.422417
2.417583
2.424028
2.418389
2.42564
2.418389
2.42564
2.419194
2.424028
2.420806
2.423223
2.419194
2.423223
2.42
2.424028
2.420806
2.424028
2.420806
2.426445
2.422417
2.423223
2.421611
2.423223
2.423223
2.423223
2.423223
2.424834
2.422417
2.42564
2.424028
2.424834
2.424028
2.42564
2.42564
2.424028
2.426445
2.424834
2.42564
2.426445
2.427251
2.42564
2.42564
2.426445
2.426445
2.426445
2.426445
2.426445
2.426445
2.427251
2.426445
2.427251
2.427251
2.427251
2.428057
2.427251
2.428862
2.428862
2.428862
2.428057
2.428057
2.428057
2.429668
2.429668
2.429668
2.428862
2.429668
2.428862
2.428862
2.428862
2.429668
2.431279
2.430474
2.430474
2.430474
2.428862
2.428862
2.431279
2.431279
2.431279
2.430474
2.432085
2.431279
2.432085
2.432085
2.432891
2.433697
2.432891
2.432085
2.434502
2.433697
2.433697
2.432891
2.432085
2.432891
2.432891
2.434502
2.433697
2.434502
2.433697
2.432891
2.435308
2.435308
2.434502
2.434502
2.434502
2.435308
2.434502
2.436919
2.435308
2.436919
2.436113
2.435308
2.436919
2.434502
2.436113
2.434502
2.43853
2.436113
2.43853
2.436113
2.43853
2.435308
2.43853
2.435308
2.439336
2.436919
2.439336
2.435308
2.439336
2.434502
2.442559
2.436113
2.440142
2.436113
2.440142
2.433697
2.440142
2.436919
2.440948
2.436113
2.440948
2.436919
2.441753
2.437725
2.440142
2.436919
2.440142
2.43853
2.440948
2.43853
2.440142
2.43853
2.440142
2.440142
2.440142
2.440142
2.440948
2.440948
2.440142
2.440948
2.439336
2.440948
2.440948
2.441753
2.440948
2.443365
2.440142
2.444976
2.440948
2.444976
2.440142
2.44417
2.441753
2.443365
2.440142
2.444976
2.442559
2.445781
2.440142
2.446587
2.441753
2.446587
2.440948
2.447393
2.439336
2.446587
2.440142
2.446587
2.441753
2.446587
2.441753
2.447393
2.440142
2.448199
2.442559
2.449004
2.443365
2.447393
2.442559
2.448199
2.44417
2.449004
2.442559
2.449004
2.443365
2.44981
2.440948
2.449004
2.443365
2.449004
2.443365
2.44981
2.44417
2.44981
2.444976
2.44981
2.443365
2.44981
2.445781
2.450616
2.44417
2.44981
2.444976
2.44981
2.444976
2.450616
2.444976
2.44981
2.44417
2.450616
2.446587
2.451421
2.445781
2.451421
2.445781
2.451421
2.446587
2.452227
2.445781
2.451421
2.445781
2.451421
2.446587
2.452227
2.448199
2.452227
2.447393
2.452227
2.447393
2.453838
2.446587
2.453033
2.448199
2.451421
2.449004
2.453838
2.449004
2.453838
2.448199
2.453033
2.449004
2.453033
2.449004
2.453033
2.450616
2.451421
2.44981
2.450616
2.452227
2.451421
2.452227
2.451421
2.452227
2.453033
2.450616
2.452227
2.453033
2.452227
2.452227
2.453033
2.453033
2.451421
2.453033
2.452227
2.453838
2.453033
2.453033
2.453033
2.453838
2.453838
2.454644
2.454644
2.453838
2.453838
2.454644
2.456255
2.454644
2.45545
2.454644
2.45545
2.453838
2.456255
2.453838
2.457867
2.454644
2.457061
2.454644
2.457061
2.456255
2.458672
2.454644
2.458672
2.456255
2.460284
2.453838
2.458672
2.454644
2.460284
2.456255
2.458672
2.454644
2.461089
2.456255
2.461895
2.457061
2.461089
2.454644
2.461089
2.454644
2.462701
2.456255
2.461089
2.457061
2.461895
2.457867
2.459478
2.458672
2.458672
2.458672
2.460284
2.459478
2.460284
2.459478
2.460284
2.461089
2.457061
2.461895
2.458672
2.461089
2.459478
2.463506
2.457867
2.462701
2.459478
2.462701
2.459478
2.462701
2.458672
2.464312
2.458672
2.464312
2.459478
2.464312
2.458672
2.465924
2.457867
2.463506
2.458672
2.467535
2.459478
2.465118
2.458672
2.465118
2.459478
2.464312
2.460284
2.465924
2.459478
2.464312
2.461895
2.465924
2.461089
2.464312
2.461089
2.464312
2.460284
2.465924
2.461089
2.465924
2.462701
2.465924
2.463506
2.464312
2.462701
2.464312
2.462701
2.464312
2.464312
2.464312
2.463506
2.463506
2.463506
2.464312
2.463506
2.465924
2.465118
2.465118
2.463506
2.461895
2.465118
2.464312
2.465118
2.465118
2.465924
2.465118
2.465118
2.465924
2.465924
2.466729
2.465118
2.467535
2.466729
2.466729
2.465118
2.467535
2.464312
2.46834
2.465924
2.469146
2.465118
2.46834
2.462701
2.469952
2.465118
2.469952
2.464312
2.470757
2.470757
2.470757
2.465924
2.470757
2.464312
2.469952
2.465924
2.469952
2.466729
2.469952
2.465924
2.46834
2.466729
2.46834
2.469146
2.467535
2.469952
2.467535
2.469146
2.466729
2.469952
2.467535
2.469952
2.466729
2.470757
2.467535
2.470757
2.466729
2.472369
2.46834
2.471563
2.466729
2.472369
2.466729
2.471563
2.467535
2.472369
2.466729
2.473175
2.46834
2.473175
2.46834
2.47398
2.467535
2.472369
2.466729
2.47398
2.469146
2.47398
2.46834
2.47398
2.46834
2.47398
2.469146
2.474786
2.46834
2.475642
2.46834
2.476448
2.469952
2.47398
2.469146
2.475642
2.470757
2.475642
2.469952
2.47398
2.470757
2.475642
2.469952
2.475642
2.470757
2.475642
2.470757
2.474786
2.470757
2.477253
2.470757
2.477253
2.471563
2.476448
2.470757
2.476448
2.469952
2.477253
2.471563
2.477253
2.470757
2.478059
2.472369
2.477253
2.471563
2.476448
2.469952
2.478865
2.470757
2.477253
2.473175
2.477253
2.472369
2.477253
2.472369
2.477253
2.472369
2.476448
2.47398
2.477253
2.473175
2.478059
2.47398
2.477253
2.47398
2.478059
2.47398
2.477253
2.473175
2.477253
2.47398
2.476448
2.475642
2.475642
2.475642
2.476448
2.475642
2.477253
2.478059
2.477253
2.477253
2.477253
2.477253
2.476448
2.477253
2.475642
2.476448
2.475642
2.477253
2.477253
2.476448
2.477253
2.477253
2.478865
2.477253
2.478865
2.477253
2.478059
2.475642
2.478865
2.477253
2.480476
2.477253
2.47967
2.478865
2.480476
2.476448
2.482893
2.476448
2.482087
2.476448
2.481282
2.478059
2.480476
2.476448
2.480476
2.476448
2.47967
2.477253
2.478865
2.480476
2.478059
2.481282
2.476448
2.482087
2.475642
2.482087
2.476448
2.482893
2.477253
2.482087
2.477253
2.482087
2.478059
2.481282
2.478865
2.482893
2.478059
2.482087
2.478059
2.480476
2.47967
2.47967
2.47967
2.480476
2.480476
2.47967
2.480476
2.482087
2.480476
2.480476
2.482087
2.480476
2.47967
2.47967
2.482087
2.480476
2.480476
2.47967
2.480476
2.480476
2.47967
2.482087
2.480476
2.482087
2.47967
2.482087
2.480476
2.484504
2.47967
2.483699
2.47967
2.484504
2.478865
2.483699
2.480476
2.484504
2.478865
2.484504
2.478865
2.483699
2.481282
2.484504
2.482893
2.482087
2.483699
2.482087
2.484504
2.480476
2.486116
2.47967
2.48531
2.478059
2.48531
2.47967
2.48531
2.481282
2.484504
2.480476
2.48531
2.482087
2.484504
2.482087
2.484504
2.482087
2.482087
2.483699
2.484504
2.482893
2.482893
2.482893
2.483699
2.482087
2.483699
2.482893
2.484504
2.482893
2.482893
2.48531
2.484504
2.483699
2.483699
2.48531
2.484504
2.48531
2.484504
2.484504
2.48531
2.484504
2.48531
2.48531
2.48531
2.483699
2.486921
2.482087
2.487727
2.482087
2.487727
2.482893
2.488533
2.482087
2.486116
2.482087
2.486921
2.482893
2.487727
2.482893
2.486921
2.484504
2.488533
2.48531
2.486116
2.484504
2.48531
2.486116
2.486116
2.486116
2.484504
2.487727
2.483699
2.489338
2.482087
2.488533
2.482893
2.488533
2.484504
2.488533
2.48531
2.487727
2.483699
2.486921
2.486116
2.488533
2.48531
2.484504
2.486921
2.486921
2.486921
2.487727
2.486921
2.486921
2.486116
2.486116
2.486116
2.486116
2.487727
2.48531
2.486921
2.486921
2.486921
2.487727
2.486116
2.486921
2.484504
2.488533
2.484504
2.490144
2.48531
2.490144
2.484504
2.490144
2.484504
2.489338
2.48531
2.49095
2.486116
2.489338
2.486921
2.487727
2.486921
2.486921
2.487727
2.48531
2.490144
2.484504
2.491755
2.484504
2.491755
2.48531
2.490144
2.486116
2.491755
2.486921
2.49095
2.488533
2.489338
2.486921
2.488533
2.487727
2.489338
2.488533
2.490144
2.488533
2.489338
2.489338
2.489338
2.490144
2.488533
2.490144
2.490144
2.490144
2.488533
2.488533
2.488533
2.487727
2.491755
2.488533
2.491755
2.488533
2.493367
2.486921
2.491755
2.486921
2.492561
2.488533
2.491755
2.487727
2.491755
2.490144
2.490144
2.492561
2.487727
2.491755
2.488533
2.492561
2.487727
2.493367
2.488533
2.492561
2.489338
2.492561
2.489338
2.491755
2.489338
2.49095
2.489338
2.49095
2.49095
2.491755
2.49095
2.490144
2.49095
2.49095
2.491755
2.489338
2.49095
2.49095
2.49095
2.49095
2.491755
2.492561
2.491755
2.492561
2.49095
2.491755
2.490144
2.492561
2.489338
2.494978
2.490144
2.493367
2.489338
2.494978
2.489338
2.492561
2.49095
2.491755
2.492561
2.49095
2.493367
2.489338
2.495784
2.489338
2.493367
2.490144
2.495784
2.489338
2.495784
2.490144
2.494173
2.490144
2.493367
2.49095
2.493367
2.491755
2.492561
2.49095
2.494173
2.492561
2.491755
2.492561
2.493367
2.493367
2.492561
2.493367
2.493367
2.49095
2.493367
2.492561
2.493367
2.492561
2.493367
2.492561
2.494978
2.491755
2.495784
2.491755
2.494978
2.491755
2.494173
2.491755
2.494978
2.49095
2.495784
2.491755
2.495784
2.49095
2.496589
2.491755
2.496589
2.49095
2.496589
2.491755
2.497395
2.492561
2.494978
2.492561
2.494978
2.493367
2.494978
2.494173
2.493367
2.494978
2.492561
2.496589
2.493367
2.496589
2.493367
2.496589
2.492561
2.494978
2.49095
2.497395
2.491755
2.497395
2.49095
2.495784
2.493367
2.497395
2.494173
2.499007
2.491755
2.495784
2.492561
2.496589
2.492561
2.497395
2.493367
2.496589
2.494173
2.497395
2.494173
2.495784
2.494978
2.495784
2.494173
2.494978
2.494978
2.494978
2.494173
2.495784
2.494978
2.495784
2.494173
2.495784
2.495784
2.495784
2.495784
2.495784
2.494978
2.495784
2.496589
2.495784
2.494173
2.497395
2.494978
2.497395
2.494978
2.497395
2.494173
2.496589
2.493367
2.499007
2.494173
2.499007
2.494173
2.497395
2.494173
2.496589
2.493367
2.495784
2.494978
2.494978
2.498201
2.493367
2.499007
2.492561
2.500618
2.493367
2.499007
2.493367
2.498201
2.495784
2.497395
2.495784
2.498201
2.495784
2.495784
2.496589
2.498201
2.497395
2.496589
2.494978
2.497395
2.497395
2.497395
2.497395
2.497395
2.497395
2.497395
2.497395
2.497395
2.497395
2.497395
2.495784
2.497395
2.495784
2.499007
2.495784
2.500618
2.494978
2.499812
2.494173
2.500618
2.495784
2.500618
2.494173
2.500618
2.495784
2.499812
2.494978
2.499812
2.496589
2.498201
2.499812
2.498201
2.499007
2.495784
2.500618
2.496589
2.500618
2.493367
2.500618
2.494978
2.500618
2.495784
2.499812
2.494978
2.499007
2.494978
2.500618
2.496589
2.499007
2.497395
2.498201
2.498201
2.499007
2.499007
2.497395
2.498201
2.499007
2.499007
2.498201
2.498201
2.498201
2.498201
2.499007
2.499007
2.498201
2.497395
2.498201
2.499007
2.499812
2.498201
2.499007
2.498201
2.499812
2.497395
2.499007
2.497395
2.499812
2.499007
2.500618
2.496589
2.500618
2.497395
2.499812
2.498201
2.500618
2.496589
2.501424
2.495784
2.501424
2.497395
2.501424
2.495784
2.500618
2.496589
2.502229
2.496589
2.501424
2.497395
2.503035
2.498201
2.501424
2.496589
2.501424
2.497395
2.499007
2.499007
2.499007
2.500618
2.498201
2.499812
2.499812
2.501424
2.496589
2.502229
2.495784
2.503035
2.496589
2.502229
2.497395
2.502229
2.495784
2.503035
2.496589
2.502229
2.499007
2.500618
2.497395
2.501424
2.499007
2.500618
2.500618
2.500618
2.498201
2.500618
2.500618
2.499812
2.499812
2.497395
2.499007
2.500618
2.499007
2.499007
2.499007
2.499007
2.499812
2.499812
2.499007
2.500618
2.499812
2.500618
2.500618
2.500618
2.499812
2.499812
2.500618
2.500618
2.499812
2.499812
2.500618
2.501424
2.499812
2.499812
2.500618
2.501424
2.499812
2.501424
2.499007
2.502229
2.499007
2.501424
2.499007
2.502229
2.499812
2.503035
2.498201
2.502229
2.497395
2.503841
2.498201
2.503035
2.499007
2.503035
2.499007
2.503841
2.498201
2.502229
2.498201
2.503035
2.499007
2.503035
2.497395
2.503035
2.499812
2.501424
2.498201
2.500618
2.500618
2.501424
2.502229
2.500618
2.502229
2.499812
2.504646
2.499812
2.503035
2.499007
2.505452
2.497395
2.503035
2.499007
2.503035
2.498201
2.503035
2.499007
2.502229
2.499812
2.502229
2.499007
2.503035
2.500618
2.501424
2.499812
2.499812
2.501424
2.501424
2.499812
2.502229
2.501424
2.502229
2.502229
2.501424
2.501424
2.501424
2.500618
2.500618
2.502229
2.500618
2.500618
2.502229
2.501424
2.502229
2.501424
2.502229
2.499812
2.502229
2.499007
2.501424
2.499812
2.503841
2.499812
2.503035
2.498201
2.503841
2.499007
2.503841
2.498201
2.503035
2.499812
2.503841
2.499812
2.501424
2.500618
2.502229
2.504646
2.500618
2.503841
2.499812
2.504646
2.499007
2.503841
2.498201
2.503841
2.499007
2.503841
2.499812
2.503841
2.500618
2.504646
2.499812
2.503841
2.501424
2.503035
2.500618
2.502229
2.501424
2.503035
2.500618
2.502229
2.503035
2.501424
2.500618
2.501424
2.501424
2.503035
2.502229
2.501424
2.500618
2.502229
2.503841
2.501424
2.501424
2.502229
2.502229
2.503035
2.499812
2.503035
2.499812
2.504646
2.499007
2.503035
2.500618
2.504646
2.499007
2.504646
2.498201
2.504646
2.500618
2.504646
2.500618
2.503035
2.503035
2.501424
2.503841
2.501424
2.504646
2.499812
2.503841
2.500618
2.505452
2.500618
2.505452
2.499007
2.503841
2.499812
2.503841
2.500618
2.503841
2.500618
2.503841
2.501424
2.503035
2.501424
2.503841
2.501424
2.502229
2.503035
2.501424
2.502229
2.503035
2.503035
2.505452
2.502229
2.501424
2.501424
2.502229
2.503035
2.502229
2.502229
2.500618
2.502229
2.502229
2.503035
2.503035
2.503841
2.503035
2.502229
2.503035
2.501424
2.503035
2.502229
2.503035
2.502229
2.502229
2.501424
2.503035
2.501424
2.503841
2.501424
2.503841
2.500618
2.504646
2.500618
2.504646
2.501424
2.505452
2.500618
2.504646
2.500618
2.503841
2.501424
2.503841
2.499007
2.505452
2.499812
2.505452
2.500618
2.504646
2.499812
2.503841
2.501424
2.503841
2.501424
2.502229
2.502229
2.502229
2.502229
2.502229
2.503035
2.502229
2.503841
2.501424
2.505452
2.499812
2.505452
2.500618
2.504646
2.500618
2.505452
2.500618
2.506258
2.498201
2.505452
2.499812
2.505452
2.502229
2.504646
2.499007
2.504646
2.500618
2.503841
2.501424
2.504646
2.501424
2.504646
2.501424
2.506258
2.501424
2.505452
2.501424
2.502229
2.501424
2.503035
2.500618
2.503035
2.503035
2.503841
2.501424
2.503841
2.502229
2.503035
2.500618
2.503841
2.502229
2.503035
2.503035
2.504646
2.502229
2.502229
2.504646
2.503035
2.503035
2.503035
2.501424
2.504646
2.503035
2.503035
2.502229
2.503035
2.503035
2.501424
2.501424
2.503841
2.501424
2.502229
2.505452
2.503035
2.503035
2.503841
2.501424
2.502229
2.501424
2.502229
2.502229
2.504646
2.501424
2.503841
2.501424
2.504646
2.499812
2.505452
2.501424
2.503035
2.500618
2.504646
2.500618
2.505452
2.500618
2.505452
2.499812
2.505452
2.500618
2.506258
2.500618
2.505452
2.501424
2.503841
2.502229
2.501424
2.503035
2.502229
2.504646
2.501424
2.503841
2.501424
2.505452
2.500618
2.505452
2.498201
2.506258
2.500618
2.505452
2.499007
2.503841
2.501424
2.504646
2.501424
2.505452
2.501424
2.504646
2.500618
2.505452
2.500618
2.503841
2.499812
2.503841
2.501424
2.504646
2.500618
2.503841
2.500618
2.503035
2.501424
2.503841
2.502229
2.505452
2.501424
2.503035
2.502229
2.503841
2.500618
2.503841
2.500618
2.503841
2.502229
2.503035
2.501424
2.503841
2.503035
2.503841
2.501424
2.503841
2.503035
2.503841
2.503035
2.503035
2.502229
2.503035
2.502229
2.503841
2.502229
2.503035
2.502229
2.502229
2.502229
2.503035
2.501424
2.503035
2.503035
2.502229
2.503035
2.503035
2.502229
2.502229
2.503035
2.501424
2.503035
2.503841
2.503035
2.502229
2.502229
2.502229
2.501424
2.503841
2.503035
2.503035
2.503035
2.503841
2.503035
2.502229
2.501424
2.503841
2.502229
2.503841
2.501424
2.503841
2.501424
2.503841
2.501424
2.503035
2.499812
2.503035
2.499007
2.505452
2.501424
2.504646
2.500618
2.503841
2.499812
2.505452
2.500618
2.504646
2.500618
2.504646
2.499812
2.505452
2.500618
2.504646
2.499812
2.505452
2.499812
2.505452
2.499007
2.504646
2.498201
2.505452
2.500618
2.505452
2.499812
2.504646
2.499007
2.504646
2.499007
2.504646
2.499812
2.504646
2.499812
2.504646
2.499812
2.504646
2.499812
2.503035
2.500618
2.502229
2.500618
2.503035
2.500618
2.503841
2.500618
2.503035
2.500618
2.501424
2.499812
2.503035
2.501424
2.501424
2.499812
2.503841
2.502229
2.503035
2.499812
2.502229
2.501424
2.502229
2.501424
2.502229
2.501424
2.502229
2.502229
2.501424
2.501424
2.500618
2.502229
2.501424
2.503035
2.502229
2.502229
2.501424
2.501424
2.500618
2.503035
2.501424
2.503841
2.501424
2.503841
2.499812
2.503841
2.499007
2.503035
2.499812
2.504646
2.499007
2.503841
2.498201
2.504646
2.498201
2.504646
2.499007
2.504646
2.498201
2.503841
2.499812
2.503841
2.499812
2.503841
2.500618
2.504646
2.500618
2.503841
2.499007
2.503841
2.499812
2.502229
2.499007
2.504646
2.499007
2.503841
2.500618
2.503035
2.500618
2.503035
2.500618
2.501424
2.499812
2.503035
2.501424
2.503035
2.503035
2.502229
2.500618
2.502229
2.500618
2.502229
2.500618
2.502229
2.501424
2.502229
2.501424
2.501424
2.500618
2.501424
2.500618
2.502229
2.500618
2.502229
2.502229
2.501424
2.500618
2.502229
2.501424
2.501424
2.502229
2.499812
2.503841
2.500618
2.502229
2.501424
2.501424
2.500618
2.502229
2.499812
2.501424
2.502229
2.502229
2.501424
2.499812
2.500618
2.501424
2.501424
2.500618
2.501424
2.501424
2.502229
2.502229
2.501424
2.501424
2.500618
2.500618
2.501424
2.500618
2.501424
2.500618
2.499812
2.500618
2.500618
2.499812
2.501424
2.500618
2.501424
2.499812
2.502229
2.499007
2.501424
2.499007
2.501424
2.499812
2.502229
2.499812
2.501424
2.499812
2.503035
2.499812
2.502229
2.499007
2.502229
2.499007
2.502229
2.499812
2.502229
2.499812
2.501424
2.499007
2.503035
2.499007
2.502229
2.498201
2.504646
2.499007
2.503035
2.498201
2.502229
2.499007
2.503035
2.499007
2.503035
2.498201
2.502229
2.498201
2.502229
2.497395
2.503841
2.498201
2.503035
2.498201
2.503035
2.498201
2.501424
2.497395
2.501424
2.497395
2.503035
2.497395
2.503035
2.497395
2.502229
2.496589
2.503035
2.497395
2.499812
2.498201
2.503035
2.497395
2.503841
2.497395
2.502229
2.498201
2.501424
2.498201
2.500618
2.499007
2.500618
2.499812
2.500618
2.499007
2.500618
2.499812
2.499812
2.499007
2.498201
2.500618
2.499007
2.500618
2.498201
2.500618
2.499007
2.502229
2.497395
2.501424
2.495784
2.501424
2.496589
2.500618
2.495784
2.502229
2.496589
2.503035
2.496589
2.503035
2.495784
2.501424
2.497395
2.499812
2.497395
2.501424
2.496589
2.500618
2.497395
2.501424
2.497395
2.501424
2.496589
2.501424
2.497395
2.499812
2.496589
2.500618
2.499007
2.499812
2.498201
2.499812
2.498201
2.499812
2.499007
2.499007
2.499007
2.498201
2.499007
2.499007
2.499007
2.499812
2.498201
2.498201
2.499812
2.498201
2.499812
2.497395
2.499812
2.499007
2.499007
2.498201
2.499007
2.500618
2.498201
2.499007
2.499007
2.498201
2.497395
2.499812
2.498201
2.499812
2.499007
2.499812
2.497395
2.499007
2.499007
2.499007
2.498201
2.498201
2.497395
2.499812
2.499007
2.499812
2.497395
2.501424
2.497395
2.499812
2.495784
2.500618
2.497395
2.499812
2.495784
2.500618
2.496589
2.501424
2.495784
2.500618
2.494978
2.500618
2.495784
2.500618
2.494173
2.501424
2.495784
2.500618
2.494978
2.500618
2.496589
2.496589
2.495784
2.499812
2.495784
2.500618
2.498201
2.499007
2.496589
2.498201
2.497395
2.499007
2.498201
2.498201
2.499007
2.498201
2.498201
2.495784
2.499007
2.496589
2.499812
2.495784
2.499812
2.494978
2.500618
2.495784
2.499812
2.495784
2.498201
2.493367
2.501424
2.493367
2.500618
2.494978
2.499007
2.494173
2.500618
2.494978
2.499007
2.494978
2.498201
2.494978
2.499007
2.494978
2.499007
2.494978
2.499007
2.496589
2.499812
2.494978
2.499812
2.494978
2.499007
2.496589
2.498201
2.497395
2.498201
2.494978
2.498201
2.497395
2.498201
2.495784
2.496589
2.498201
2.497395
2.498201
2.496589
2.496589
2.498201
2.495784
2.496589
2.496589
2.495784
2.495784
2.496589
2.498201
2.496589
2.497395
2.498201
2.497395
2.496589
2.495784
2.495784
2.495784
2.496589
2.497395
2.495784
2.495784
2.495784
2.496589
2.496589
2.496589
2.495784
2.496589
2.497395
2.494978
2.497395
2.494978
2.496589
2.495784
2.498201
2.494978
2.497395
2.494978
2.497395
2.495784
2.497395
2.494978
2.499007
2.494978
2.496589
2.495784
2.494978
2.494978
2.496589
2.494978
2.498201
2.494173
2.499007
2.494978
2.496589
2.494978
2.496589
2.494978
2.497395
2.494978
2.496589
2.494173
2.495784
2.494173
2.496589
2.494978
2.496589
2.493367
2.496589
2.493367
2.496589
2.494173
2.495784
2.494173
2.495784
2.493367
2.495784
2.494978
2.495784
2.494978
2.496589
2.494173
2.494978
2.494978
2.495784
2.493367
2.496589
2.495784
2.495784
2.494173
2.494173
2.494978
2.494173
2.494978
2.494173
2.493367
2.494173
2.494978
2.494173
2.494978
2.495784
2.494978
2.494173
2.494978
2.493367
2.495784
2.493367
2.494978
2.495784
2.494173
2.495784
2.494978
2.495784
2.494978
2.495784
2.495784
2.494978
2.493367
2.494978
2.494978
2.495784
2.495784
2.495784
2.495784
2.494978
2.495784
2.495784
2.495784
2.494173
2.494978
2.495784
2.494978
2.493367
2.494978
2.494978
2.494173
2.493367
2.494978
2.494173
2.494978
2.493367
2.494173
2.494173
2.494173
2.493367
2.494978
2.493367
2.494978
2.494978
2.494173
2.493367
2.494173
2.493367
2.492561
2.494173
2.493367
2.494173
2.494173
2.495784
2.494173
2.494173
2.493367
2.494173
2.493367
2.494978
2.493367
2.493367
2.494173
2.493367
2.494173
2.494173
2.494173
2.492561
2.494173
2.493367
2.492561
2.494978
2.492561
2.493367
2.494978
2.494173
2.494173
2.494173
2.494173
2.493367
2.492561
2.491755
2.493367
2.492561
2.492561
2.494173
2.494978
2.494173
2.493367
2.494978
2.493367
2.491755
2.493367
2.494173
2.492561
2.493367
2.492561
2.494978
2.492561
2.492561
2.492561
2.493367
2.492561
2.492561
2.494173
2.492561
2.492561
2.492561
2.492561
2.49095
2.494173
2.491755
2.492561
2.493367
2.490144
2.492561
2.49095
2.49095
2.493367
2.492561
2.492561
2.491755
2.492561
2.492561
2.491755
2.493367
2.491755
2.493367
2.492561
2.491755
2.492561
2.492561
2.493367
2.492561
2.491755
2.492561
2.492561
2.49095
2.493367
2.491755
2.492561
2.491755
2.49095
2.492561
2.49095
2.491755
2.491755
2.491755
2.492561
2.491755
2.491755
2.491755
2.491755
2.491755
2.491755
2.49095
2.49095
2.490144
2.49095
2.491755
2.492561
2.491755
2.490144
2.49095
2.49095
2.491755
2.49095
2.49095
2.49095
2.49095
2.49095
2.49095
2.490144
2.49095
2.490144
2.491755
2.490144
2.491755
2.490144
2.49095
2.490144
2.49095
2.491755
2.49095
2.49095
2.491755
2.490144
2.49095
2.49095
2.490144
2.49095
2.492561
2.489338
2.49095
2.489338
2.491755
2.489338
2.492561
2.487727
2.492561
2.489338
2.493367
2.487727
2.490144
2.486921
2.493367
2.488533
2.492561
2.488533
2.491755
2.486116
2.492561
2.487727
2.491755
2.486921
2.493367
2.486921
2.493367
2.487727
2.492561
2.486116
2.491755
2.486921
2.492561
2.486921
2.49095
2.487727
2.490144
2.486921
2.49095
2.487727
2.489338
2.490144
2.487727
2.490144
2.487727
2.49095
2.486921
2.490144
2.486921
2.490144
2.486116
2.491755
2.486116
2.490144
2.486116
2.491755
2.486116
2.49095
2.48531
2.49095
2.487727
2.49095
2.486921
2.49095
2.486921
2.490144
2.486116
2.490144
2.486921
2.489338
2.486921
2.488533
2.486921
2.489338
2.487727
2.486921
2.487727
2.488533
2.486921
2.486116
2.488533
2.487727
2.487727
2.487727
2.487727
2.487727
2.488533
2.487727
2.487727
2.487727
2.487727
2.486921
2.488533
2.487727
2.488533
2.487727
2.487727
2.487727
2.488533
2.487727
2.486921
2.486116
2.487727
2.487727
2.489338
2.486921
2.488533
2.488533
2.487727
2.486921
2.488533
2.486921
2.487727
2.486116
2.486116
2.484504
2.486921
2.487727
2.486921
2.486921
2.486116
2.487727
2.486116
2.486116
2.486921
2.488533
2.487727
2.486921
2.487727
2.486921
2.486116
2.486116
2.486116
2.486116
2.486116
2.486921
2.486116
2.486921
2.487727
2.487727
2.486116
2.486116
2.486116
2.486116
2.486921
2.483699
2.48531
2.48531
2.486116
2.486116
2.486116
2.488533
2.486116
2.487727
2.486116
2.486116
2.48531
2.486116
2.483699
2.486116
2.486921
2.486921
2.486116
2.48531
2.486921
2.486921
2.486116
2.486921
2.486116
2.486116
2.486116
2.486116
2.484504
2.48531
2.486116
2.484504
2.48531
2.486116
2.484504
2.486116
2.486116
2.48531
2.48531
2.48531
2.484504
2.486116
2.483699
2.48531
2.484504
2.48531
2.483699
2.48531
2.486116
2.486921
2.483699
2.487727
2.483699
2.48531
2.483699
2.48531
2.483699
2.486921
2.482893
2.486116
2.482087
2.487727
2.482087
2.486116
2.481282
2.486921
2.481282
2.487727
2.482087
2.486921
2.482087
2.488533
2.482087
2.487727
2.481282
2.487727
2.480476
2.486921
2.482087
2.486921
2.480476
2.486116
2.481282
2.486116
2.480476
2.484504
2.482087
2.486921
2.483699
2.484504
2.484504
2.483699
2.484504
2.484504
2.484504
2.482893
2.48531
2.482087
2.486116
2.482087
2.48531
2.481282
2.48531
2.481282
2.486116
2.480476
2.48531
2.480476
2.486116
2.47967
2.486116
2.481282
2.486116
2.478059
2.486116
2.480476
2.484504
2.481282
2.48531
2.480476
2.484504
2.47967
2.48531
2.481282
2.484504
2.480476
2.483699
2.480476
2.483699
2.480476
2.484504
2.480476
2.48531
2.478865
2.484504
2.47967
2.484504
2.481282
2.48531
2.480476
2.484504
2.480476
2.483699
2.480476
2.482893
2.478865
2.484504
2.47967
2.48531
2.47967
2.482893
2.47967
2.483699
2.478865
2.483699
2.478865
2.48531
2.481282
2.483699
2.47967
2.484504
2.47967
2.483699
2.478059
2.483699
2.478059
2.484504
2.477253
2.484504
2.478865
2.482087
2.477253
2.484504
2.478865
2.486116
2.477253
2.484504
2.478865
2.48531
2.478865
2.483699
2.47967
2.483699
2.478059
2.483699
2.478059
2.482893
2.478865
2.482087
2.478059
2.482087
2.480476
2.482087
2.47967
2.482893
2.478865
2.481282
2.480476
2.481282
2.47967
2.480476
2.480476
2.480476
2.478865
2.47967
2.47967
2.481282
2.480476
2.481282
2.47967
2.480476
2.47967
2.480476
2.478865
2.47967
2.47967
2.480476
2.481282
2.480476
2.478865
2.480476
2.47967
2.478865
2.481282
2.47967
2.480476
2.47967
2.478059
2.47967
2.47967
2.47967
2.482087
2.478865
2.47967
2.478865
2.480476
2.478059
2.481282
2.477253
2.482087
2.477253
2.481282
2.476448
2.481282
2.475642
2.481282
2.475642
2.482087
2.476448
2.482087
2.475642
2.480476
2.475642
2.480476
2.474786
2.480476
2.477253
2.480476
2.475642
2.481282
2.476448
2.481282
2.476448
2.480476
2.478059
2.480476
2.475642
2.481282
2.475642
2.482087
2.474786
2.480476
2.476448
2.47967
2.476448
2.480476
2.475642
2.480476
2.475642
2.481282
2.476448
2.47967
2.474786
2.481282
2.474786
2.481282
2.474786
2.478865
2.474786
2.478865
2.475642
2.478059
2.476448
2.480476
2.476448
2.47967
2.475642
2.47967
2.47398
2.47967
2.473175
2.478865
2.475642
2.478865
2.475642
2.47967
2.475642
2.480476
2.47398
2.47967
2.47398
2.480476
2.475642
2.47967
2.475642
2.480476
2.47398
2.478865
2.47398
2.47967
2.47398
2.47967
2.47398
2.478059
2.473175
2.477253
2.47398
2.478865
2.475642
2.47967
2.473175
2.478059
2.472369
2.47967
2.472369
2.478865
2.473175
2.478865
2.473175
2.478865
2.47398
2.478865
2.472369
2.478865
2.472369
2.477253
2.472369
2.47967
2.471563
2.478059
2.471563
2.478059
2.473175
2.478059
2.473175
2.478059
2.47398
2.477253
2.473175
2.474786
2.472369
2.478059
2.473175
2.478059
2.472369
2.476448
2.473175
2.476448
2.472369
2.475642
2.472369
2.477253
2.473175
2.477253
2.472369
2.476448
2.47398
2.476448
2.47398
2.475642
2.471563
2.477253
2.47398
2.474786
2.473175
2.474786
2.47398
2.474786
2.47398
2.475642
2.473175
2.474786
2.473175
2.475642
2.47398
2.475642
2.472369
2.47398
2.475642
2.473175
2.47398
2.47398
2.473175
2.473175
2.47398
2.473175
2.473175
2.47398
2.473175
2.473175
2.473175
2.472369
2.472369
2.473175
2.47398
2.473175
2.473175
2.472369
2.473175
2.472369
2.473175
2.47398
2.472369
2.473175
2.473175
2.471563
2.473175
2.472369
2.472369
2.472369
2.471563
2.471563
2.472369
2.473175
2.471563
2.471563
2.473175
2.472369
2.472369
2.471563
2.472369
2.471563
2.471563
2.470757
2.472369
2.472369
2.471563
2.470757
2.472369
2.47398
2.472369
2.470757
2.470757
2.471563
2.470757
2.471563
2.470757
2.471563
2.473175
2.473175
2.471563
2.470757
2.471563
2.470757
2.469952
2.470757
2.469952
2.469952
2.46834
2.472369
2.469952
2.472369
2.469952
2.471563
2.469952
2.471563
2.470757
2.470757
2.469146
2.473175
2.469146
2.472369
2.465924
2.47398
2.46834
2.473175
2.465924
2.473175
2.466729
2.472369
2.465924
2.473175
2.466729
2.471563
2.467535
2.472369
2.467535
2.470757
2.470757
2.469952
2.471563
2.467535
2.469952
2.467535
2.471563
2.465924
2.471563
2.466729
2.472369
2.465924
2.471563
2.466729
2.473175
2.465924
2.472369
2.466729
2.470757
2.467535
2.470757
2.466729
2.471563
2.469146
2.469952
2.467535
2.469952
2.467535
2.469952
2.46834
2.469952
2.469146
2.470757
2.469146
2.46834
2.467535
2.469952
2.469146
2.467535
2.46834
2.469146
2.466729
2.46834
2.467535
2.467535
2.470757
2.467535
2.46834
2.465924
2.467535
2.469146
2.467535
2.467535
2.466729
2.467535
2.46834
2.467535
2.466729
2.469146
2.466729
2.469146
2.467535
2.469146
2.466729
2.470757
2.465924
2.469146
2.465924
2.469146
2.465924
2.469146
2.465924
2.469146
2.464312
2.470757
2.462701
2.470757
2.464312
2.469146
2.465118
2.469952
2.464312
2.467535
2.465924
2.467535
2.465924
2.465924
2.465924
2.465118
2.469146
2.463506
2.46834
2.463506
2.469146
2.463506
2.469952
2.463506
2.469146
2.462701
2.469146
2.462701
2.46834
2.463506
2.469146
2.464312
2.467535
2.463506
2.467535
2.464312
2.466729
2.463506
2.467535
2.464312
2.466729
2.465118
2.466729
2.466729
2.464312
2.465118
2.465118
2.465924
2.465924
2.464312
2.465924
2.465118
2.465118
2.464312
2.465924
2.465924
2.463506
2.465118
2.464312
2.465924
2.465118
2.464312
2.465118
2.464312
2.464312
2.464312
2.464312
2.464312
2.465118
2.464312
2.465924
2.463506
2.464312
2.463506
2.464312
2.464312
2.465118
2.462701
2.463506
2.462701
2.464312
2.462701
2.464312
2.463506
2.464312
2.461895
2.466729
2.460284
2.465924
2.461895
2.465924
2.463506
2.466729
2.461089
2.464312
2.461895
2.467535
2.461089
2.466729
2.461089
2.466729
2.461089
2.465924
2.461089
2.466729
2.460284
2.465118
2.459478
2.467535
2.459478
2.465924
2.459478
2.465924
2.460284
2.465118
2.459478
2.464312
2.459478
2.464312
2.461089
2.465118
2.461089
2.465118
2.460284
2.463506
2.460284
2.464312
2.461089
2.462701
2.462701
2.462701
2.461895
2.461895
2.461895
2.460284
2.463506
2.458672
2.462701
2.460284
2.463506
2.458672
2.464312
2.458672
2.464312
2.459478
2.463506
2.458672
2.465118
2.458672
2.463506
2.459478
2.463506
2.459478
2.463506
2.458672
2.464312
2.458672
2.463506
2.458672
2.461895
2.459478
2.462701
2.460284
2.462701
2.459478
2.461895
2.460284
2.462701
2.459478
2.460284
2.459478
2.461089
2.459478
2.460284
2.461089
2.460284
2.460284
2.461089
2.459478
2.460284
2.457061
2.459478
2.459478
2.460284
2.459478
2.459478
2.459478
2.459478
2.461089
2.460284
2.458672
2.459478
2.460284
2.458672
2.458672
2.457867
2.458672
2.460284
2.458672
2.461089
2.459478
2.458672
2.457867
2.459478
2.459478
2.460284
2.457867
2.460284
2.457867
2.459478
2.457061
2.457867
2.457867
2.459478
2.457867
2.460284
2.457061
2.460284
2.457061
2.461895
2.456255
2.459478
2.45545
2.461089
2.45545
2.460284
2.454644
2.463506
2.454644
2.460284
2.454644
2.461089
2.454644
2.460284
2.454644
2.459478
2.457867
2.459478
2.456255
2.458672
2.458672
2.457061
2.457867
2.456255
2.458672
2.453838
2.459478
2.454644
2.459478
2.454644
2.460284
2.454644
2.459478
2.45545
2.459478
2.453838
2.460284
2.454644
2.459478
2.454644
2.458672
2.453838
2.458672
2.453838
2.458672
2.454644
2.456255
2.456255
2.458672
2.456255
2.457867
2.45545
2.457061
2.457061
2.457061
2.456255
2.456255
2.457061
2.45545
2.457061
2.456255
2.45545
2.45545
2.456255
2.457061
2.454644
2.45545
2.454644
2.45545
2.454644
2.45545
2.45545
2.456255
2.45545
2.456255
2.453838
2.454644
2.454644
2.456255
2.453838
2.454644
2.453838
2.457061
2.454644
2.458672
2.453033
2.456255
2.453033
2.454644
2.452227
2.457061
2.452227
2.457867
2.452227
2.457061
2.451421
2.457061
2.450616
2.459478
2.450616
2.457061
2.448199
2.45545
2.450616
2.456255
2.451421
2.454644
2.454644
2.453033
2.453033
2.453033
2.45545
2.450616
2.457061
2.451421
2.457061
2.451421
2.457867
2.44981
2.454644
2.450616
2.456255
2.44981
2.454644
2.451421
2.454644
2.44981
2.454644
2.452227
2.45545
2.452227
2.453033
2.452227
2.452227
2.451421
2.452227
2.452227
2.452227
2.453033
2.453033
2.452227
2.453033
2.452227
2.451421
2.451421
2.451421
2.453838
2.451421
2.452227
2.452227
2.453838
2.453033
2.44981
2.453838
2.450616
2.452227
2.450616
2.452227
2.449004
2.453033
2.449004
2.452227
2.448199
2.453033
2.447393
2.453033
2.451421
2.453033
2.449004
2.453838
2.447393
2.454644
2.448199
2.453838
2.447393
2.453033
2.448199
2.453838
2.449004
2.452227
2.44981
2.450616
2.450616
2.449004
2.451421
2.449004
2.452227
2.448199
2.453033
2.447393
2.453838
2.447393
2.452227
2.448199
2.452227
2.447393
2.453033
2.447393
2.452227
2.448199
2.451421
2.446587
2.450616
2.446587
2.451421
2.448199
2.451421
2.448199
2.450616
2.447393
2.449004
2.448199
2.44981
2.44981
2.44981
2.448199
2.448199
2.449004
2.44981
2.449004
2.448199
2.449004
2.448199
2.448199
2.448199
2.449004
2.448199
2.449004
2.448199
2.448199
2.449004
2.447393
2.449004
2.446587
2.447393
2.447393
2.449004
2.447393
2.449004
2.447393
2.448199
2.448199
2.448199
2.447393
2.448199
2.445781
2.449004
2.444976
2.449004
2.446587
2.44981
2.445781
2.450616
2.44417
2.450616
2.443365
2.450616
2.443365
2.451421
2.443365
2.449004
2.44417
2.44981
2.443365
2.44981
2.443365
2.451421
2.441753
2.448199
2.44417
2.44981
2.444976
2.447393
2.44417
2.448199
2.44417
2.446587
2.445781
2.445781
2.447393
2.445781
2.449004
2.446587
2.446587
2.444976
2.447393
2.44417
2.446587
2.44417
2.448199
2.444976
2.448199
2.44417
2.448199
2.440142
2.449004
2.443365
2.447393
2.441753
2.448199
2.44417
2.449004
2.440948
2.448199
2.441753
2.448199
2.440948
2.447393
2.441753
2.449004
2.441753
2.448199
2.440948
2.446587
2.440142
2.447393
2.441753
2.447393
2.441753
2.446587
2.441753
2.446587
2.441753
2.447393
2.440142
2.447393
2.440948
2.446587
2.440142
2.445781
2.440948
2.446587
2.441753
2.445781
2.440142
2.446587
2.440948
2.446587
2.439336
2.446587
2.440142
2.445781
2.441753
2.444976
2.440142
2.444976
2.439336
2.444976
2.439336
2.445781
2.440948
2.444976
2.440142
2.447393
2.439336
2.445781
2.440142
2.445781
2.437725
2.44417
2.440142
2.444976
2.43853
2.446587
2.439336
2.444976
2.437725
2.446587
2.440142
2.443365
2.43853
2.445781
2.439336
2.443365
2.437725
2.442559
2.440142
2.441753
2.440142
2.440142
2.441753
2.440948
2.442559
2.439336
2.44417
2.43853
2.442559
2.437725
2.44417
2.439336
2.443365
2.43853
2.443365
2.43853
2.44417
2.43853
2.44417
2.436919
2.44417
2.437725
2.443365
2.43853
2.443365
2.436919
2.441753
2.436919
2.442559
2.436919
2.44417
2.436919
2.442559
2.436919
2.442559
2.436919
2.440948
2.43853
2.441753
2.436113
2.440948
2.437725
2.440142
2.43853
2.440948
2.437725
2.440142
2.43853
2.440948
2.436919
2.440142
2.437725
2.440142
2.437725
2.440142
2.436919
2.439336
2.435308
2.439336
2.436113
2.437725
2.436919
2.439336
2.437725
2.437725
2.437725
2.43853
2.43853
2.436919
2.43853
2.437725
2.437725
2.437725
2.43853
2.436919
2.43853
2.43853
2.436113
2.43853
2.436919
2.436113
2.436919
2.437725
2.436919
2.436919
2.43853
2.437725
2.435308
2.436919
2.436113
2.436919
2.436919
2.436919
2.436113
2.436919
2.436113
2.436113
2.436113
2.436113
2.437725
2.435308
2.436919
2.436919
2.436113
2.437725
2.436113
2.436113
2.435308
2.436113
2.435308
2.435308
2.435308
2.436113
2.433697
2.436919
2.434502
2.436919
2.433697
2.436113
2.433697
2.436113
2.433697
2.436113
2.432891
2.437725
2.432891
2.437725
2.432891
2.437725
2.431279
2.43853
2.432085
2.43853
2.431279
2.436919
2.433697
2.436113
2.433697
2.432891
2.435308
2.432891
2.436113
2.432085
2.436919
2.431279
2.436919
2.432085
2.437725
2.430474
2.437725
2.431279
2.436113
2.432891
2.434502
2.431279
2.435308
2.432085
2.435308
2.431279
2.434502
2.431279
2.434502
2.432891
2.433697
2.432891
2.432891
2.432085
2.432891
2.433697
2.432085
2.432891
2.435308
2.433697
2.432085
2.432085
2.432891
2.434502
2.432085
2.432085
2.431279
2.432891
2.433697
2.432085
2.431279
2.433697
2.432891
2.432085
2.432085
2.432085
2.431279
2.432085
2.432085
2.432085
2.431279
2.429668
2.431279
2.431279
2.430474
2.430474
2.432085
2.430474
2.432085
2.428862
2.432085
2.428862
2.432891
2.430474
2.432085
2.428862
2.432085
2.428057
2.431279
2.428862
2.432891
2.429668
2.431279
2.428862
2.432085
2.428057
2.430474
2.428057
2.432085
2.427251
2.432085
2.428057
2.432085
2.427251
2.432085
2.427251
2.431279
2.426445
2.430474
2.42564
2.431279
2.426445
2.432891
2.427251
2.431279
2.427251
2.431279
2.426445
2.432085
2.42564
2.431279
2.427251
2.429668
2.427251
2.429668
2.426445
2.430474
2.426445
2.430474
2.42564
2.432085
2.42564
2.431279
2.424834
2.428862
2.424834
2.430474
2.426445
2.428862
2.426445
2.428862
2.42564
2.429668
2.426445
2.430474
2.424834
2.429668
2.422417
2.429668
2.424028
2.428057
2.424028
2.430474
2.424834
2.429668
2.424834
2.431279
2.424834
2.429668
2.42564
2.428862
2.423223
2.428057
2.424028
2.428862
2.424834
2.429668
2.423223
2.428057
2.423223
2.427251
2.424028
2.428057
2.424028
2.429668
2.423223
2.427251
2.423223
2.427251
2.424028
2.426445
2.424028
2.426445
2.422417
2.427251
2.422417
2.427251
2.424028
2.428057
2.423223
2.427251
2.421611
2.428057
2.422417
2.42564
2.423223
2.426445
2.422417
2.426445
2.422417
2.426445
2.423223
2.427251
2.420806
2.426445
2.423223
2.427251
2.421611
2.426445
2.42
2.42564
2.421611
2.426445
2.420806
2.427251
2.421611
2.42564
2.42
2.426445
2.419194
2.426445
2.42
2.426445
2.42
2.427251
2.418389
2.424834
2.42
2.42564
2.418389
2.426445
2.42
2.426445
2.420806
2.424834
2.42
2.424028
2.42
2.423223
2.420806
2.424028
2.420806
2.422417
2.422417
2.421611
2.423223
2.421611
2.422417
2.420806
2.423223
2.420806
2.424028
2.419194
2.423223
2.417583
2.424028
2.42
2.42564
2.419194
2.423223
2.416777
2.424834
2.418389
2.424028
2.417583
2.422417
2.419194
2.423223
2.418389
2.424028
2.418389
2.423223
2.417583
2.424028
2.418389
2.422417
2.416777
2.423223
2.417583
2.422417
2.415166
2.422417
2.415972
2.422417
2.417583
2.422417
2.416777
2.422417
2.415972
2.423223
2.416777
2.421611
2.416777
2.421611
2.415972
2.420806
2.415166
2.422417
2.415166
2.420806
2.417583
2.420806
2.415972
2.420806
2.415972
2.420806
2.415972
2.420806
2.417583
2.419194
2.416777
2.419194
2.416777
2.418389
2.416777
2.418389
2.417583
2.418389
2.418389
2.417583
2.417583
2.416777
2.417583
2.415972
2.419194
2.415972
2.419194
2.41436
2.419194
2.413554
2.419194
2.412749
2.419194
2.41436
2.421611
2.412749
2.420806
2.412749
2.42
2.411943
2.420806
2.41436
2.420806
2.412749
2.419194
2.412749
2.419194
2.411138
2.419194
2.413554
2.419194
2.411943
2.417583
2.412749
2.418389
2.412749
2.419194
2.412749
2.417583
2.412749
2.417583
2.412749
2.418389
2.413554
2.417583
2.411943
2.417583
2.411138
2.416777
2.412749
2.417583
2.411138
2.416777
2.411943
2.417583
2.411138
2.416777
2.411943
2.415972
2.411138
2.416777
2.411943
2.417583
2.411138
2.415166
2.411943
2.415166
2.411943
2.415972
2.410332
2.415166
2.410332
2.415972
2.409526
2.41436
2.411138
2.413554
2.409526
2.415166
2.411138
2.41436
2.411138
2.412749
2.410332
2.41436
2.411138
2.41436
2.411138
2.41436
2.410332
2.41436
2.409526
2.41436
2.410332
2.41436
2.409526
2.413554
2.410332
2.412749
2.40872
2.412749
2.409526
2.41436
2.409526
2.412749
2.409526
2.413554
2.40872
2.412749
2.410332
2.411943
2.40872
2.412749
2.409526
2.412749
2.407915
2.412749
2.40872
2.412749
2.40872
2.411138
2.40872
2.411943
2.407109
2.411943
2.410332
2.411943
2.407109
2.411138
2.405498
2.411943
2.407109
2.410332
2.407915
2.410332
2.407109
2.410332
2.407915
2.410332
2.40872
2.409526
2.407915
2.409526
2.407915
2.409526
2.407915
2.409526
2.406303
2.407915
2.40872
2.40872
2.40872
2.40872
2.407109
2.407109
2.407915
2.40872
2.407109
2.407109
2.40872
2.40872
2.407109
2.407109
2.404692
2.406303
2.407109
2.406303
2.407109
2.406303
2.407109
2.406303
2.407109
2.407109
2.406303
2.406303
2.407109
2.407915
2.407109
2.407109
2.409526
2.405498
2.406303
2.407109
2.406303
2.406303
2.407109
2.406303
2.404692
2.406303
2.406303
2.404692
2.406303
2.406303
2.405498
2.405498
2.405498
2.405498
2.406303
2.405498
2.406303
2.403886
2.406303
2.405498
2.404692
2.405498
2.405498
2.403886
2.404692
2.403886
2.405498
2.404692
2.404692
2.405498
2.403081
2.404692
2.404692
2.404692
2.404692
2.403081
2.404692
2.403886
2.403081
2.403886
2.403081
2.403081
2.403886
2.404692
2.403081
2.403081
2.403886
2.401469
2.403081
2.403081
2.403081
2.403081
2.401469
2.403081
2.402275
2.402275
2.401469
2.402275
2.400664
2.401469
2.402275
2.401469
2.402275
2.402275
2.402275
2.401469
2.401469
2.401469
2.400664
2.401469
2.402275
2.399858
2.400664
2.400664
2.402275
2.401469
2.403081
2.401469
2.400664
2.402275
2.401469
2.400664
2.399858
2.402275
2.401469
2.400664
2.400664
2.401469
2.400664
2.401469
2.400664
2.400664
2.399858
2.399858
2.399858
2.400664
2.400664
2.400664
2.399858
2.400664
2.398247
2.400664
2.399858
2.399052
2.398247
2.399858
2.399052
2.399858
2.399052
2.400664
2.399052
2.399858
2.398247
2.400664
2.397441
2.400664
2.39583
2.399858
2.396635
2.399858
2.396635
2.399052
2.396635
2.400664
2.397441
2.399052
2.39583
2.400664
2.39583
2.400664
2.394218
2.399858
2.39583
2.398247
2.395024
2.399858
2.393413
2.401469
2.395024
2.399858
2.392607
2.400664
2.39583
2.399052
2.393413
2.401469
2.393413
2.399858
2.394218
2.399858
2.395024
2.399052
2.392607
2.399052
2.394218
2.397441
2.393413
2.398247
2.395024
2.399052
2.393413
2.399052
2.393413
2.399052
2.391801
2.397441
2.391801
2.399052
2.393413
2.397441
2.391801
2.396635
2.390996
2.398247
2.394218
2.396635
2.393413
2.397441
2.392607
2.39583
2.39019
2.396635
2.392607
2.395024
2.392607
2.395024
2.394218
2.393413
2.392607
2.394218
2.393413
2.395024
2.392607
2.390996
2.394218
2.393413
2.394218
2.393413
2.394218
2.394218
2.395024
2.391801
2.39583
2.390996
2.395024
2.39019
2.394218
2.39019
2.394218
2.389384
2.39583
2.388579
2.395024
2.388579
2.395024
2.39019
2.395024
2.387773
2.395024
2.387773
2.39583
2.386967
2.395024
2.387773
2.395024
2.388579
2.395024
2.387773
2.394218
2.386967
2.394218
2.386967
2.394218
2.387773
2.394218
2.386967
2.395024
2.387773
2.392607
2.386967
2.392607
2.386162
2.392607
2.386967
2.393413
2.386967
2.392607
2.386162
2.392607
2.385356
2.393413
2.386162
2.392607
2.386967
2.392607
2.385356
2.392607
2.385356
2.391801
2.385356
2.391801
2.385356
2.391801
2.385356
2.392607
2.385356
2.391801
2.383744
2.390996
2.385356
2.39019
2.386162
2.39019
2.385356
2.39019
2.386162
2.389384
2.386162
2.388579
2.385356
2.387773
2.385356
2.387773
2.386967
2.388579
2.386162
2.387773
2.385356
2.386162
2.386162
2.389384
2.386967
2.386967
2.386967
2.386162
2.386967
2.386162
2.386162
2.386162
2.386162
2.386162
2.387773
2.382939
2.386162
2.38455
2.386967
2.386162
2.385356
2.383744
2.386967
2.38455
2.386967
2.383744
2.386162
2.382133
2.386162
2.382133
2.386162
2.382939
2.386967
2.382133
2.387773
2.381327
2.386967
2.380522
2.386967
2.382133
2.386967
2.380522
2.386967
2.381327
2.387773
2.381327
2.386967
2.378911
2.385356
2.379716
2.386162
2.381327
2.386967
2.379716
2.383744
2.379716
2.386162
2.379716
2.38455
2.381327
2.386162
2.379716
2.383744
2.378911
2.383744
2.378911
2.38455
2.378911
2.38455
2.378911
2.386162
2.378911
2.38455
2.377299
2.38455
2.377299
2.38455
2.377299
2.38455
2.377299
2.383744
2.378911
2.382939
2.377299
2.381327
2.378911
2.383744
2.378911
2.382133
2.378911
2.381327
2.378105
2.381327
2.378911
2.380522
2.377299
2.380522
2.378911
2.378911
2.378911
2.379716
2.378911
2.380522
2.378105
2.379716
2.379716
2.379716
2.378105
2.378911
2.378911
2.378911
2.377299
2.378911
2.378911
2.377299
2.378105
2.378105
2.377299
2.376493
2.378105
2.377299
2.377299
2.378105
2.378105
2.376493
2.376493
2.377299
2.376493
2.377299
2.377299
2.378105
2.376493
2.377299
2.376493
2.378911
2.375688
2.377299
2.376493
2.378105
2.374882
2.377299
2.372465
2.377299
2.373271
2.378105
2.373271
2.378105
2.374076
2.378911
2.373271
2.377299
2.373271
2.378105
2.372465
2.378911
2.372465
2.378911
2.369242
2.378105
2.371659
2.377299
2.370854
2.378911
2.370854
2.378105
2.370854
2.376493
2.370854
2.375688
2.371659
2.376493
2.372465
2.376493
2.370854
2.374882
2.374882
2.374882
2.372465
2.372465
2.373271
2.372465
2.373271
2.370048
2.374076
2.370048
2.375688
2.369242
2.375688
2.369242
2.376493
2.369242
2.374882
2.368437
2.374882
2.368437
2.374882
2.368437
2.374882
2.370048
2.374076
2.368437
2.374076
2.370854
2.372465
2.369242
2.375688
2.369242
2.372465
2.370854
2.370854
2.368437
2.370854
2.369242
2.371659
2.370854
2.369242
2.369242
2.369242
2.368437
2.369242
2.370048
2.369242
2.370048
2.370048
2.368437
2.369242
2.367631
2.367631
2.367631
2.369242
2.369242
2.369242
2.367631
2.370048
2.367631
2.370048
2.366825
2.369242
2.367631
2.369242
2.36602
2.369242
2.36602
2.370048
2.364408
2.370048
2.364408
2.369242
2.366825
2.370048
2.363603
2.369242
2.364408
2.370048
2.363603
2.370854
2.363603
2.370048
2.361991
2.369242
2.363603
2.368437
2.363603
2.372465
2.363603
2.368437
2.364408
2.368437
2.364408
2.366825
2.365214
2.36602
2.36602
2.363603
2.366825
2.362797
2.367631
2.361991
2.366825
2.364408
2.367631
2.362797
2.366825
2.361186
2.367631
2.361186
2.366825
2.361186
2.366825
2.36038
2.367631
2.361186
2.366825
2.362797
2.36602
2.36038
2.367631
2.361991
2.364408
2.36038
2.36602
2.361991
2.36602
2.361991
2.362797
2.36038
2.363603
2.361186
2.363603
2.36038
2.363603
2.361186
2.361991
2.361991
2.361186
2.361991
2.361186
2.361991
2.361186
2.36038
2.36038
2.361186
2.361186
2.361186
2.36038
2.361186
2.361186
2.359574
2.36038
2.36038
2.36038
2.36038
2.359574
2.36038
2.36038
2.36038
2.36038
2.359574
2.361186
2.357963
2.361991
2.358768
2.36038
2.357157
2.361186
2.357157
2.361991
2.357963
2.361186
2.356352
2.361186
2.356352
2.361991
2.353935
2.361991
2.356352
2.36038
2.355546
2.361186
2.357157
2.359574
2.357157
2.357963
2.358768
2.357157
2.36038
2.356352
2.359574
2.353935
2.36038
2.353935
2.359574
2.353935
2.36038
2.353935
2.357963
2.35474
2.36038
2.355546
2.357157
2.35474
2.356352
2.355546
2.356352
2.355546
2.355546
2.355546
2.355546
2.355546
2.356352
2.35474
2.357157
2.355546
2.35474
2.355546
2.35474
2.355546
2.355546
2.353935
2.355546
2.35474
2.355546
2.353935
2.353935
2.35474
2.35474
2.353935
2.356352
2.353129
2.356352
2.353129
2.35474
2.352323
2.355546
2.351517
2.356352
2.350712
2.35474
2.350712
2.35474
2.349906
2.355546
2.349906
2.35474
2.350712
2.35474
2.349906
2.35474
2.3491
2.355546
2.348295
2.355546
2.3491
2.355546
2.348295
2.35474
2.3491
2.353935
2.349906
2.352323
2.351517
2.350712
2.351517
2.349906
2.351517
2.347489
2.353129
2.346684
2.353935
2.347489
2.352323
2.346684
2.353935
2.347489
2.351517
2.347489
2.351517
2.347489
2.349906
2.3491
2.351517
2.3491
2.350712
2.348295
2.349906
2.347489
2.3491
2.3491
2.3491
2.348295
2.348295
2.348295
2.347489
2.347489
2.347489
2.347489
2.347489
2.347489
2.348295
2.346684
2.348295
2.346684
2.348295
2.345878
2.346684
2.345878
2.347489
2.345072
2.348295
2.344266
2.348295
2.344266
2.347489
2.342655
2.348295
2.342655
2.348295
2.345878
2.3491
2.343461
2.347489
2.341044
2.348295
2.341849
2.347489
2.341044
2.3491
2.341044
2.346684
2.342655
2.346684
2.342655
2.346684
2.341849
2.346684
2.341849
2.346684
2.342655
2.345878
2.342655
2.345072
2.343461
2.345072
2.344266
2.342655
2.344266
2.342655
2.344266
2.341849
2.345072
2.341044
2.344266
2.341849
2.346684
2.341849
2.344266
2.339432
2.345878
2.338627
2.345072
2.338627
2.345878
2.337821
2.344266
2.338627
2.344266
2.337821
2.343461
2.337015
2.344266
2.338627
2.344266
2.338627
2.344266
2.338627
2.342655
2.338627
2.341849
2.339432
2.342655
2.337821
2.342655
2.337821
2.341849
2.337015
2.341849
2.337015
2.341849
2.337821
2.340238
2.337821
2.339432
2.337821
2.339432
2.339432
2.339432
2.337015
2.339432
2.337015
2.338627
2.337015
2.338627
2.337821
2.337821
2.33621
2.338627
2.337015
2.337015
2.337821
2.338627
2.337821
2.33621
2.33621
2.337015
2.337015
2.33621
2.33621
2.33621
2.335404
2.33621
2.337015
2.33621
2.33621
2.335404
2.334598
2.335404
2.335404
2.335404
2.335404
2.33621
2.334598
2.33621
2.334598
2.337015
2.333792
2.337015
2.333792
2.337821
2.332181
2.337015
2.332181
2.337821
2.332181
2.337015
2.332181
2.337821
2.329764
2.337821
2.331376
2.337015
2.331376
2.334598
2.332987
2.333792
2.332987
2.332987
2.333792
2.331376
2.335404
2.329764
2.335404
2.329764
2.33621
2.33057
2.334598
2.329764
2.334598
2.329764
2.333792
2.329764
2.333792
2.329764
2.333792
2.329764
2.331376
2.329764
2.332987
2.329764
2.33057
2.33057
2.329764
2.33057
2.329764
2.329764
2.33057
2.329764
2.329764
2.33057
2.329764
2.329764
2.328959
2.329764
2.328959
2.328959
2.328959
2.328959
2.328959
2.328153
2.329764
2.328153
2.328959
2.328959
2.329764
2.327347
2.328153
2.326541
2.328959
2.32493
2.32493
2.327347
2.328959
2.328153
2.329764
2.325736
2.331376
2.32493
2.328153
2.324124
2.328959
2.32493
2.328959
2.323319
2.328959
2.324124
2.329764
2.323319
2.328959
2.322513
2.328959
2.324124
2.328959
2.320902
2.328959
2.321707
2.327347
2.322513
2.327347
2.322513
2.32493
2.32493
2.324124
2.32493
2.323319
2.326541
2.322513
2.326541
2.320902
2.327347
2.320902
2.325736
2.320902
2.325736
2.320096
2.32493
2.320902
2.32493
2.320902
2.323319
2.321707
2.323319
2.320902
2.322513
2.322513
2.321707
2.320902
2.323319
2.320096
2.322513
2.320096
2.322513
2.322513
2.321707
2.320902
2.321707
2.320902
2.318485
2.320096
2.320902
2.320096
2.320902
2.320902
2.31929
2.323319
2.322513
2.320096
2.321707
2.318485
2.320902
2.316873
2.321707
2.316873
2.322513
2.316873
2.320902
2.314456
2.321707
2.314456
2.320902
2.315262
2.321707
2.316068
2.31929
2.315262
2.31929
2.316873
2.316873
2.317679
2.317679
2.318485
2.318485
2.31929
2.315262
2.31929
2.314456
2.320096
2.313651
2.31929
2.313651
2.320096
2.312845
2.320096
2.312845
2.317679
2.312845
2.318485
2.311234
2.318485
2.312845
2.316873
2.313651
2.317679
2.313651
2.318485
2.313651
2.316068
2.313651
2.314456
2.314456
2.314456
2.315262
2.313651
2.314456
2.312845
2.314456
2.314456
2.314456
2.314456
2.312845
2.314456
2.314456
2.313651
2.310428
2.312039
2.312039
2.312039
2.312039
2.313651
2.312039
2.312845
2.311234
2.312845
2.312039
2.314456
2.308817
2.316068
2.308817
2.315262
2.308817
2.313651
2.308817
2.314456
2.307205
2.312845
2.308011
2.312845
2.308011
2.312039
2.308011
2.310428
2.308011
2.308011
2.308011
2.308011
2.309622
2.308011
2.311234
2.305594
2.311234
2.3064
2.312039
2.304788
2.311234
2.305594
2.311234
2.304788
2.308817
2.304788
2.309622
2.305594
2.308011
2.307205
2.308011
2.305594
2.308011
2.3064
2.308011
2.305594
2.307205
2.305594
2.304788
2.3064
2.3064
2.305594
2.3064
2.3064
2.3064
2.304788
2.304788
2.304788
2.305594
2.304788
2.304788
2.304788
2.305594
2.304788
2.304788
2.304788
2.307205
2.301565
2.307205
2.302371
2.305594
2.30076
2.3064
2.30076
2.3064
2.299149
2.3064
2.299954
2.304788
2.299149
2.304788
2.299149
2.305594
2.302371
2.302371
2.302371
2.301565
2.304788
2.299149
2.304788
2.299954
2.304788
2.297537
2.303982
2.297537
2.303982
2.299149
2.303982
2.296731
2.303982
2.297537
2.303177
2.298343
2.30076
2.297537
2.301565
2.295926
2.302371
2.297537
2.302371
2.296731
2.299954
2.297537
2.30076
2.298343
2.299954
2.297537
2.299149
2.298343
2.299954
2.297537
2.298343
2.298343
2.297537
2.297537
2.297537
2.296731
2.298343
2.296731
2.298343
2.296731
2.295926
2.295926
2.296731
2.295926
2.297537
2.297537
2.29512
2.295926
2.296731
2.295926
2.29512
2.29512
2.295926
2.295926
2.29512
2.29512
2.297537
2.29512
2.294314
2.294314
2.293509
2.293509
2.29512
2.294314
2.293509
2.293509
2.294314
2.294314
2.296731
2.292703
2.294314
2.291897
2.293509
2.291092
2.293509
2.291897
2.293509
2.291092
2.291897
2.292703
2.293509
2.290286
2.291092
2.290286
2.294314
2.290286
2.292703
2.291092
2.291092
2.291092
2.292703
2.28948
2.291897
2.290286
2.291092
2.28948
2.291092
2.291092
2.28948
2.28948
2.28948
2.287063
2.290286
2.288675
2.290286
2.288675
2.290286
2.287869
2.288675
2.286258
2.290286
2.287869
2.288675
2.286258
2.288675
2.287063
2.28948
2.286258
2.287063
2.286258
2.287869
2.287063
2.287063
2.286258
2.288675
2.287063
2.287869
2.285452
2.287063
2.286258
2.287063
2.285452
2.287063
2.284646
2.285452
2.285452
2.287063
2.284646
2.283035
2.283841
2.285452
2.283841
2.284646
2.284646
2.284646
2.284646
2.283841
2.284646
2.283841
2.284646
2.284646
2.282229
2.283035
2.282229
2.284646
2.283035
2.283035
2.283035
2.282229
2.282229
2.283035
2.281424
2.282229
2.281424
2.281424
2.281424
2.281424
2.281424
2.281424
2.280618
2.282229
2.280618
2.282229
2.279006
2.281424
2.279006
2.281424
2.277395
2.281424
2.279812
2.281424
2.278201
2.283035
2.277395
2.283841
2.275784
2.283035
2.274173
2.282229
2.275784
2.281424
2.274978
2.280618
2.275784
2.279812
2.27659
2.279006
2.27659
2.277395
2.278201
2.275784
2.278201
2.274978
2.278201
2.274173
2.278201
2.274173
2.279006
2.272561
2.278201
2.272561
2.279006
2.272561
2.278201
2.273367
2.277395
2.272561
2.277395
2.273367
2.27659
2.272561
2.275784
2.274173
2.275784
2.273367
2.27659
2.271755
2.275784
2.273367
2.273367
2.271755
2.274978
2.27095
2.274173
2.27095
2.273367
2.271755
2.272561
2.272561
2.273367
2.271755
2.271755
2.272561
2.271755
2.270144
2.270144
2.270144
2.272561
2.27095
2.27095
2.270144
2.270144
2.271755
2.269338
2.268482
2.27095
2.268482
2.270144
2.269338
2.270144
2.269338
2.269338
2.268482
2.268482
2.268482
2.269338
2.267677
2.269338
2.268482
2.269338
2.266871
2.269338
2.266065
2.268482
2.266871
2.270144
2.26526
2.270144
2.266065
2.269338
2.264454
2.269338
2.262843
2.27095
2.262843
2.27095
2.264454
2.269338
2.262843
2.268482
2.263648
2.267677
2.263648
2.266065
2.266065
2.266065
2.266065
2.26526
2.266871
2.264454
2.266871
2.263648
2.267677
2.262037
2.266871
2.261231
2.266065
2.260426
2.266871
2.260426
2.266065
2.25962
2.268482
2.25962
2.266065
2.25962
2.264454
2.25962
2.26526
2.260426
2.264454
2.260426
2.263648
2.25962
2.263648
2.260426
2.261231
2.25962
2.262843
2.260426
2.260426
2.258814
2.261231
2.25962
2.260426
2.25962
2.260426
2.258009
2.261231
2.258814
2.260426
2.25962
2.260426
2.260426
2.258814
2.25962
2.258009
2.258814
2.258009
2.258814
2.257203
2.258009
2.258009
2.258814
2.257203
2.257203
2.256397
2.256397
2.256397
2.257203
2.256397
2.255592
2.256397
2.255592
2.256397
2.254786
2.256397
2.254786
2.258009
2.253175
2.256397
2.252369
2.256397
2.250757
2.257203
2.252369
2.256397
2.250757
2.257203
2.250757
2.256397
2.250757
2.256397
2.252369
2.255592
2.253175
2.253175
2.253175
2.253175
2.25398
2.249952
2.254786
2.249146
2.254786
2.247535
2.254786
2.247535
2.254786
2.247535
2.25398
2.247535
2.253175
2.247535
2.252369
2.249146
2.252369
2.247535
2.251563
2.246729
2.250757
2.245924
2.250757
2.248341
2.249146
2.247535
2.249952
2.247535
2.249146
2.247535
2.247535
2.246729
2.249146
2.247535
2.247535
2.247535
2.248341
2.247535
2.246729
2.246729
2.246729
2.246729
2.245924
2.246729
2.245118
2.247535
2.245118
2.244312
2.245118
2.245924
2.245118
2.244312
2.245118
2.245118
2.244312
2.245118
2.243506
2.243506
2.244312
2.243506
2.244312
2.241895
2.245118
2.242701
2.242701
2.242701
2.243506
2.241895
2.244312
2.240284
2.244312
2.241895
2.243506
2.237867
2.244312
2.240284
2.245118
2.237061
2.244312
2.237867
2.244312
2.236255
2.243506
2.237867
2.241089
2.238672
2.241895
2.239478
2.239478
2.241089
2.237061
2.242701
2.237061
2.241895
2.234644
2.241895
2.236255
2.242701
2.234644
2.240284
2.234644
2.237867
2.234644
2.239478
2.23545
2.238672
2.233838
2.238672
2.23545
2.237867
2.234644
2.237061
2.236255
2.236255
2.233838
2.236255
2.23545
2.234644
2.234644
2.234644
2.233838
2.234644
2.233838
2.234644
2.233033
2.23545
2.233838
2.234644
2.232227
2.233838
2.233033
2.233033
2.233033
2.232227
2.232227
2.232227
2.230616
2.232227
2.230616
2.233838
2.230616
2.233033
2.22981
2.233838
2.230616
2.233033
2.229004
2.234644
2.227393
2.233838
2.226587
2.233033
2.226587
2.233033
2.225782
2.233033
2.227393
2.232227
2.227393
2.230616
2.228199
2.227393
2.228199
2.227393
2.230616
2.226587
2.229004
2.226587
2.22981
2.22417
2.230616
2.224976
2.231421
2.223365
2.231421
2.22417
2.230616
2.222559
2.229004
2.221753
2.227393
2.223365
2.227393
2.22417
2.226587
2.221753
2.226587
2.221753
2.226587
2.222559
2.226587
2.222559
2.22417
2.222559
2.22417
2.22417
2.224976
2.222559
2.222559
2.222559
2.221753
2.222559
2.220948
2.222559
2.221753
2.220948
2.220142
2.220948
2.220948
2.220142
2.220142
2.220948
2.220948
2.220142
2.220948
2.220142
2.219336
2.219336
2.220142
2.21853
2.220948
2.217725
2.220142
2.217725
2.220948
2.217725
2.220142
2.216919
2.219336
2.214502
2.219336
2.215308
2.220142
2.212891
2.220948
2.212891
2.219336
2.212085
2.21853
2.214502
2.21853
2.213696
2.216114
2.215308
2.213696
2.216114
2.212891
2.216919
2.210474
2.217725
2.210474
2.216919
2.211279
2.216919
2.212085
2.216114
2.211279
2.216114
2.212085
2.214502
2.211279
2.213696
2.211279
2.212891
2.212085
2.212085
2.212085
2.211279
2.210474
2.211279
2.211279
2.210474
2.210474
2.211279
2.209668
2.210474
2.209668
2.209668
2.209668
2.209668
2.208862
2.208057
2.208057
2.208862
2.206445
2.209668
2.208057
2.208057
2.206445
2.209668
2.204834
2.210474
2.204834
2.208862
2.204834
2.209668
2.204834
2.208862
2.203223
2.208057
2.202417
2.208057
2.203223
2.208862
2.201611
2.208057
2.202417
2.209668
2.200806
2.206445
2.200806
2.20564
2.201611
2.20564
2.201611
2.204028
2.202417
2.204028
2.202417
2.202417
2.202417
2.2
2.204028
2.2
2.204028
2.199194
2.204028
2.199194
2.204028
2.198389
2.202417
2.196777
2.203223
2.196777
2.202417
2.195971
2.202417
2.196777
2.201611
2.195971
2.200806
2.195166
2.200806
2.195166
2.200806
2.195971
2.200806
2.19436
2.2
2.195971
2.2
2.193555
2.200806
2.193555
2.199194
2.193555
2.198389
2.192749
2.198389
2.193555
2.2
2.191943
2.198389
2.192749
2.198389
2.191943
2.197583
2.190332
2.196777
2.189526
2.198389
2.190332
2.195971
2.189526
2.195166
2.189526
2.195971
2.189526
2.195166
2.189526
2.19436
2.189526
2.19436
2.187915
2.195166
2.187915
2.191943
2.18872
2.193555
2.186303
2.191943
2.187915
2.191138
2.18872
2.191943
2.18872
2.191138
2.186303
2.195166
2.186303
2.190332
2.186303
2.189526
2.185498
2.190332
2.187915
2.18872
2.186303
2.18872
2.185498
2.187109
2.185498
2.187915
2.185498
2.186303
2.185498
2.186303
2.183081
2.186303
2.183887
2.186303
2.182275
2.186303
2.182275
2.186303
2.181469
2.186303
2.180664
2.186303
2.179858
2.185498
2.180664
2.185498
2.178247
2.185498
2.180664
2.186303
2.178247
2.185498
2.177441
2.183887
2.176635
2.183081
2.177441
2.181469
2.177441
2.182275
2.177441
2.181469
2.178247
2.181469
2.17583
2.181469
2.176635
2.179858
2.176635
2.178247
2.178247
2.179052
2.17583
2.179052
2.174218
2.179052
2.17583
2.176635
2.176635
2.17583
2.17583
2.17583
2.175024
2.17583
2.174218
2.175024
2.175024
2.175024
2.173413
2.175024
2.174218
2.173413
2.172607
2.173413
2.172607
2.173413
2.173413
2.172607
2.172607
2.172607
2.173413
2.170995
2.170995
2.171801
2.172607
2.170995
2.17019
2.170995
2.169384
2.170995
2.169384
2.171801
2.168579
2.17019
2.167773
2.17019
2.166967
2.17019
2.166162
2.170995
2.166162
2.17019
2.166162
2.168579
2.16455
2.170995
2.162939
2.17019
2.162939
2.169384
2.162939
2.167773
2.162133
2.167773
2.163744
2.167773
2.162133
2.165356
2.162939
2.16455
2.163744
2.16455
2.16455
2.162133
2.166162
2.161327
2.165356
2.159716
2.16455
2.159716
2.16455
2.158105
2.16455
2.157299
2.162939
2.157299
2.162133
2.158105
2.162133
2.159716
2.162133
2.158105
2.161327
2.157299
2.160522
2.158911
2.159716
2.158105
2.157299
2.158105
2.157299
2.157299
2.158105
2.157299
2.157299
2.156493
2.157299
2.157299
2.155688
2.156493
2.156493
2.154882
2.155688
2.154882
2.155688
2.154882
2.155688
2.154076
2.154882
2.154076
2.154076
2.153271
2.154076
2.151659
2.153271
2.150854
2.154882
2.151659
2.153271
2.150048
2.153271
2.149242
2.154882
2.150854
2.154076
2.14602
2.152465
2.148437
2.151659
2.147631
2.153271
2.146825
2.153271
2.146825
2.153271
2.142797
2.152465
2.144408
2.153271
2.146825
2.150854
2.144408
2.149242
2.145214
2.148437
2.144408
2.147631
2.14602
2.146825
2.146825
2.145214
2.14602
2.145214
2.147631
2.142797
2.144408
2.143603
2.145214
2.141186
2.146825
2.14038
2.145214
2.14038
2.144408
2.139574
2.144408
2.139574
2.147631
2.137963
2.142797
2.136352
2.144408
2.137963
2.143603
2.137963
2.143603
2.136352
2.142797
2.135546
2.142797
2.135546
2.142797
2.136352
2.142797
2.135546
2.141991
2.133934
2.141186
2.13474
2.14038
2.133934
2.139574
2.13474
2.14038
2.133129
2.137157
2.132323
2.137963
2.132323
2.137157
2.132323
2.136352
2.130712
2.136352
2.132323
2.13474
2.129906
2.13474
2.130712
2.133129
2.129906
2.13474
2.130712
2.133934
2.131517
2.131517
2.131517
2.131517
2.1291
2.1291
2.130712
2.129906
2.129906
2.130712
2.1291
2.129906
2.128295
2.129906
2.128295
2.127489
2.127489
2.128295
2.127489
2.1291
2.125878
2.127489
2.126683
2.125878
2.125878
2.125072
2.125072
2.124266
2.125072
2.125072
2.123461
2.125072
2.124266
2.125878
2.122655
2.124266
2.122655
2.123461
2.121044
2.122655
2.122655
2.122655
2.121044
2.122655
2.121849
2.122655
2.119432
2.121849
2.11621
2.122655
2.117015
2.121849
2.11621
2.120238
2.11621
2.121044
2.114598
2.121849
2.115404
2.122655
2.118627
2.121044
2.112181
2.120238
2.112987
2.119432
2.112987
2.117821
2.112181
2.117821
2.112987
2.11621
2.112987
2.11621
2.112181
2.114598
2.114598
2.112181
2.115404
2.111376
2.114598
2.108958
2.115404
2.108958
2.115404
2.108153
2.113793
2.107347
2.114598
2.108153
2.115404
2.107347
2.112987
2.108958
2.112181
2.107347
2.11057
2.106541
2.109764
2.108958
2.108958
2.105736
2.108153
2.107347
2.107347
2.106541
2.105736
2.108153
2.10493
2.105736
2.105736
2.104125
2.105736
2.104125
2.103319
2.10493
2.103319
2.102513
2.102513
2.103319
2.10493
2.101707
2.105736
2.101707
2.104125
2.100902
2.102513
2.100902
2.101707
2.096873
2.101707
2.098485
2.101707
2.098485
2.101707
2.096873
2.100096
2.095262
2.102513
2.094456
2.100902
2.094456
2.100902
2.095262
2.09929
2.095262
2.096873
2.095262
2.096873
2.096068
2.093651
2.097679
2.091234
2.097679
2.091234
2.097679
2.090428
2.096873
2.091234
2.096068
2.090428
2.094456
2.090428
2.093651
2.089622
2.092845
2.090428
2.091234
2.092039
2.090428
2.088817
2.091234
2.089622
2.088817
2.089622
2.089622
2.088011
2.087205
2.088817
2.088817
2.0864
2.088817
2.087205
2.088011
2.085594
2.0864
2.0864
2.088011
2.083177
2.088011
2.082371
2.085594
2.08076
2.087205
2.08076
2.087205
2.079149
2.0864
2.079149
2.087205
2.078343
2.082371
2.08076
2.082371
2.081566
2.078343
2.083177
2.078343
2.083982
2.076731
2.082371
2.076731
2.082371
2.074314
2.081566
2.074314
2.079954
2.075926
2.079149
2.075926
2.078343
2.072703
2.077537
2.074314
2.077537
2.074314
2.075926
2.07512
2.074314
2.07512
2.074314
2.073509
2.072703
2.07512
2.073509
2.072703
2.073509
2.072703
2.070286
2.071092
2.072703
2.070286
2.071092
2.070286
2.06948
2.070286
2.070286
2.067869
2.06948
2.067869
2.071898
2.066258
2.070286
2.063841
2.06948
2.064646
2.068675
2.063841
2.06948
2.063035
2.06948
2.060568
2.068675
2.060568
2.067063
2.059762
2.066258
2.060568
2.066258
2.063035
2.063035
2.063035
2.058956
2.063841
2.058956
2.063841
2.056539
2.065452
2.054928
2.063841
2.054928
2.063841
2.055733
2.058956
2.055733
2.058151
2.056539
2.058151
2.055733
2.056539
2.054928
2.055733
2.054122
2.054122
2.054122
2.054928
2.055733
2.052511
2.053317
2.053317
2.052511
2.052511
2.052511
2.052511
2.0509
2.051705
2.049288
2.052511
2.048482
2.052511
2.048482
2.0509
2.046871
2.051705
2.046065
2.051705
2.044454
2.050094
2.04526
2.0509
2.04526
2.048482
2.04526
2.046065
2.046871
2.043648
2.046871
2.042037
2.046065
2.03962
2.046871
2.038814
2.04526
2.040426
2.043648
2.040426
2.044454
2.03962
2.041231
2.03962
2.041231
2.03962
2.040426
2.03962
2.040426
2.03962
2.03962
2.038814
2.037203
2.036397
2.037203
2.038009
2.036397
2.035592
2.037203
2.034786
2.037203
2.034786
2.034786
2.033175
2.034786
2.033175
2.034786
2.032369
2.034786
2.031563
2.03398
2.029952
2.035592
2.030758
2.031563
2.029146
2.033175
2.027535
2.032369
2.025923
2.034786
2.025923
2.030758
2.025118
2.032369
2.025118
2.030758
2.024312
2.029952
2.024312
2.026729
2.025923
2.025923
2.025923
2.025118
2.025118
2.023506
2.025923
2.02109
2.025923
2.019478
2.025923
2.020284
2.025923
2.019478
2.022701
2.016255
2.022701
2.017867
2.021895
2.017867
2.021895
2.018672
2.02109
2.017867
2.019478
2.017867
2.017867
2.017867
2.017061
2.016255
2.017061
2.014644
2.01545
2.01545
2.017061
2.013838
2.014644
2.014644
2.014644
2.01545
2.013838
2.011421
2.013033
2.012227
2.012227
2.011421
2.012227
2.00981
2.011421
2.009004
2.011421
2.008198
2.011421
2.004976
2.010616
2.005782
2.010616
2.003365
2.010616
2.004976
2.010616
2.003365
2.009004
2.001753
2.009004
2.001753
2.007393
2.001753
2.004976
2.000947
2.004976
2.002559
2.003365
2.001753
2.002559
2.000947
1.999336
2.002559
1.999336
2.002559
1.99853
2.001753
1.996113
2.002559
1.996113
2.000947
1.994502
2.000947
1.993696
1.999336
1.993696
1.99853
1.992891
1.996919
1.992085
1.997725
1.992891
1.994502
1.991279
1.993696
1.991279
1.994502
1.992891
1.992891
1.992085
1.992085
1.991279
1.992891
1.990474
1.988057
1.986445
1.988862
1.989668
1.988057
1.988057
1.988862
1.986445
1.987251
1.986445
1.988057
1.986445
1.98564
1.984028
1.98564
1.984028
1.98564
1.982417
1.984834
1.980806
1.984028
1.98
1.984028
1.979194
1.98564
1.977583
1.984028
1.977583
1.983223
1.97436
1.982417
1.975972
1.980806
1.975166
1.980806
1.975972
1.977583
1.976777
1.975972
1.977583
1.97436
1.975972
1.973555
1.976777
1.971943
1.978389
1.969526
1.975972
1.970332
1.975166
1.970332
1.973555
1.967915
1.973555
1.967109
1.971943
1.967915
1.971138
1.967109
1.969526
1.967109
1.967915
1.967109
1.967109
1.967915
1.967109
1.967109
1.965498
1.963886
1.966303
1.965498
1.961469
1.963081
1.963081
1.963081
1.963081
1.962275
1.961469
1.960664
1.962275
1.957441
1.963081
1.956635
1.960664
1.958247
1.961469
1.955024
1.961469
1.954218
1.959858
1.954218
1.959858
1.953413
1.959858
1.951801
1.958247
1.951801
1.956635
1.950996
1.956635
1.952607
1.953413
1.95019
1.953413
1.950996
1.95019
1.951801
1.948579
1.951801
1.947773
1.951801
1.946967
1.95019
1.945356
1.950996
1.942939
1.95019
1.942939
1.949384
1.942133
1.948579
1.941327
1.946967
1.940522
1.945356
1.939716
1.945356
1.939716
1.945356
1.938105
1.942939
1.938105
1.942133
1.937299
1.941327
1.937299
1.940522
1.935688
1.93891
1.936493
1.93891
1.935688
1.936493
1.935688
1.936493
1.934076
1.934076
1.934882
1.934076
1.934076
1.933271
1.933271
1.933271
1.932465
1.932465
1.931659
1.930854
1.930048
1.931659
1.930048
1.930854
1.929242
1.929242
1.929242
1.927631
1.928437
1.927631
1.927631
1.929242
1.92602
1.924408
1.924408
1.927631
1.924408
1.924408
1.923603
1.923603
1.921991
1.923603
1.921186
1.923603
1.92038
1.924408
1.919574
1.921991
1.916352
1.921186
1.916352
1.921186
1.91474
1.921186
1.91474
1.918769
1.913129
1.918769
1.913129
1.92038
1.911518
1.917157
1.909906
1.917157
1.9091
1.917157
1.908295
1.91474
1.908295
1.913129
1.906683
1.91474
1.906683
1.912323
1.905072
1.911518
1.905072
1.912323
1.902655
1.909906
1.902655
1.908295
1.902655
1.907489
1.902655
1.907489
1.901044
1.906683
1.900238
1.905878
1.899432
1.904266
1.898627
1.902655
1.898627
1.901849
1.898627
1.901044
1.897821
1.899432
1.897821
1.899432
1.89621
1.897821
1.89621
1.89621
1.892987
1.895404
1.894598
1.892987
1.892181
1.893793
1.892181
1.892987
1.89057
1.891376
1.889764
1.89057
1.888153
1.89057
1.888153
1.89057
1.886541
1.888959
1.886541
1.888959
1.886541
1.888959
1.883319
1.887347
1.882513
1.886541
1.882513
1.885736
1.880902
1.886541
1.877679
1.884125
1.87929
1.884125
1.877679
1.884125
1.876873
1.882513
1.875262
1.881707
1.874456
1.881707
1.874456
1.880902
1.873651
1.880096
1.872039
1.877679
1.871234
1.877679
1.870428
1.876873
1.869622
1.876873
1.868011
1.875262
1.8664
1.872845
1.868011
1.872845
1.867205
1.872039
1.8664
1.869622
1.864788
1.870428
1.863177
1.868817
1.863983
1.868817
1.863177
1.8664
1.861565
1.8664
1.86076
1.864788
1.86076
1.863983
1.859149
1.863177
1.859954
1.863177
1.857537
1.861565
1.856731
1.859954
1.855875
1.859149
1.855875
1.859149
1.85507
1.856731
1.85507
1.855875
1.854264
1.856731
1.853458
1.855875
1.852653
1.85507
1.850236
1.85507
1.851041
1.853458
1.850236
1.853458
1.847819
1.851847
1.847013
1.851847
1.845402
1.84943
1.842985
1.850236
1.84379
1.848624
1.842179
1.847819
1.841373
1.84943
1.840568
1.847819
1.837345
1.846207
1.837345
1.844596
1.838151
1.84379
1.838151
1.842179
1.836539
1.842179
1.835734
1.840568
1.834928
1.840568
1.832511
1.839762
1.832511
1.838151
1.832511
1.838151
1.830899
1.835734
1.830094
1.834928
1.829288
1.834928
1.828482
1.834122
1.826871
1.834122
1.827677
1.831705
1.826065
1.831705
1.826065
1.829288
1.82526
1.828482
1.82526
1.828482
1.821231
1.829288
1.820426
1.826871
1.81962
1.826871
1.820426
1.82526
1.817203
1.823648
1.815592
1.822843
1.816397
1.820426
1.817203
1.818814
1.814786
1.818814
1.815592
1.818814
1.81398
1.818009
1.813175
1.815592
1.813175
1.815592
1.812369
1.813175
1.811563
1.812369
1.810758
1.810758
1.808341
1.810758
1.808341
1.808341
1.808341
1.809952
1.808341
1.806729
1.806729
1.806729
1.805118
1.805118
1.805923
1.805118
1.804312
1.803506
1.802701
1.802701
1.802701
1.801895
1.801895
1.801089
1.801089
1.799478
1.799478
1.798672
1.798672
1.798672
1.797061
1.798672
1.797061
1.797061
1.796255
1.796255
1.794644
1.794644
1.794644
1.793838
1.793033
1.793033
1.791421
1.793033
1.791421
1.791421
1.789004
1.790616
1.787393
1.790616
1.787393
1.789004
1.786587
1.789004
1.78417
1.789004
1.78417
1.787393
1.781753
1.787393
1.781753
1.78417
1.780948
1.78417
1.779336
1.784976
1.778531
1.780948
1.778531
1.782559
1.776114
1.780142
1.776114
1.780142
1.775308
1.779336
1.774502
1.778531
1.772891
1.776919
1.774502
1.777725
1.772085
1.776919
1.770474
1.774502
1.768862
1.774502
1.769668
1.772891
1.768057
1.772085
1.767251
1.772085
1.766445
1.770474
1.76564
1.767251
1.764028
1.768862
1.763223
1.766445
1.764028
1.76564
1.763223
1.764834
1.761611
1.76564
1.760806
1.763223
1.76
1.763223
1.759194
1.76
1.758389
1.759194
1.757583
1.756777
1.756777
1.757583
1.755972
1.755972
1.755166
1.755166
1.75436
1.752749
1.753555
1.753555
1.751943
1.751137
1.751137
1.750332
1.750332
1.751137
1.749526
1.749526
1.749526
1.748721
1.747109
1.747915
1.746303
1.747109
1.746303
1.746303
1.743081
1.744692
1.743081
1.743886
1.742275
1.743886
1.741469
1.743081
1.739858
1.742275
1.738247
1.741469
1.737441
1.740664
1.73583
1.741469
1.735024
1.739858
1.734218
1.739052
1.732607
1.738247
1.730996
1.737441
1.73019
1.73583
1.729384
1.733413
1.728579
1.734218
1.731801
1.732607
1.727773
1.730996
1.727773
1.728579
1.727773
1.726967
1.727773
1.72455
1.729384
1.722939
1.728579
1.722939
1.727773
1.721328
1.727773
1.71891
1.727773
1.71891
1.72455
1.718105
1.722939
1.718105
1.722133
1.716493
1.722133
1.715688
1.719716
1.715688
1.71891
1.714076
1.718105
1.713271
1.718105
1.714076
1.715688
1.712465
1.714882
1.713271
1.714076
1.710854
1.711659
1.711659
1.711659
1.710048
1.710048
1.710854
1.709242
1.710048
1.709242
1.708437
1.707631
1.707631
1.70602
1.705214
1.704408
1.704408
1.705214
1.704408
1.702797
1.703603
1.702797
1.701186
1.701991
1.701186
1.70038
1.701186
1.698769
1.698769
1.698769
1.698769
1.697963
1.699574
1.699574
1.693934
1.697963
1.693934
1.697157
1.692323
1.695546
1.693934
1.697157
1.692323
1.693934
1.6891
1.693934
1.6891
1.693129
1.688295
1.693129
1.688295
1.692323
1.683461
1.691517
1.684266
1.690712
1.683461
1.6891
1.681044
1.688295
1.681849
1.688295
1.680238
1.685878
1.680238
1.684266
1.681044
1.681849
1.679432
1.681849
1.679432
1.680238
1.679432
1.677015
1.678627
1.67621
1.679432
1.675404
1.680238
1.674598
1.679432
1.672181
1.677821
1.671376
1.677015
1.669764
1.67621
1.67057
1.67621
1.668153
1.673793
1.668153
1.673793
1.666541
1.672181
1.664124
1.671376
1.663319
1.67057
1.662513
1.669764
1.662513
1.668153
1.660902
1.667347
1.661707
1.666541
1.660096
1.66493
1.660096
1.66493
1.65929
1.663319
1.656873
1.662513
1.656873
1.661707
1.656873
1.660096
1.654456
1.658485
1.655262
1.657679
1.653651
1.657679
1.653651
1.656873
1.652845
1.655262
1.651234
1.654456
1.652039
1.652845
1.651234
1.652845
1.650428
1.652039
1.647155
1.650428
1.647155
1.650428
1.645544
1.646349
1.645544
1.645544
1.644738
1.644738
1.643932
1.643932
1.642321
1.642321
1.641515
1.641515
1.640709
1.640709
1.640709
1.640709
1.639098
1.639098
1.639098
1.637487
1.637487
1.636681
1.636681
1.635875
1.634264
1.634264
1.63507
1.634264
1.633458
1.633458
1.634264
1.632653
1.633458
1.632653
1.630236
1.632653
1.631041
1.631041
1.628624
1.630236
1.627819
1.630236
1.626207
1.628624
1.624596
1.62943
1.624596
1.628624
1.62379
1.628624
1.621373
1.627013
1.621373
1.626207
1.619762
1.626207
1.618956
1.624596
1.618151
1.622985
1.617345
1.622985
1.615734
1.621373
1.614928
1.619762
1.615734
1.620568
1.614122
1.618151
1.614928
1.615734
1.614928
1.616539
1.613317
1.613317
1.612511
1.613317
1.612511
1.610899
1.613317
1.609288
1.611705
1.608482
1.612511
1.606065
1.611705
1.60526
1.611705
1.60526
1.611705
1.60526
1.609288
1.602037
1.608482
1.602843
1.609288
1.601231
1.607677
1.601231
1.606065
1.59962
1.606065
1.598814
1.60526
1.598009
1.602843
1.597203
1.602037
1.596397
1.602037
1.596397
1.59962
1.594786
1.598814
1.59398
1.59962
1.59398
1.598009
1.593175
1.596397
1.592369
1.595592
1.591563
1.59398
1.592369
1.59398
1.589146
1.592369
1.591563
1.590758
1.589146
1.590758
1.589146
1.589952
1.587535
1.588341
1.586729
1.587535
1.587535
1.587535
1.585118
1.585118
1.585118
1.585924
1.583506
1.583506
1.582701
1.584312
1.582701
1.581895
1.581089
1.581895
1.580284
1.580284
1.579478
1.580284
1.579478
1.579478
1.577867
1.580284
1.577061
1.579478
1.57545
1.581089
1.573838
1.578672
1.573033
1.577867
1.572227
1.576255
1.571421
1.577867
1.56981
1.574644
1.568199
1.573838
1.567393
1.573838
1.565782
1.572227
1.566587
1.570616
1.568199
1.569004
1.567393
1.568199
1.567393
1.565782
1.568199
1.563365
1.568199
1.561753
1.566587
1.560948
1.567393
1.560142
1.565782
1.560142
1.564976
1.558531
1.562559
1.560142
1.561753
1.559336
1.562559
1.556113
1.560142
1.557725
1.559336
1.557725
1.557725
1.555308
1.557725
1.557725
1.556113
1.555308
1.555308
1.554502
1.556113
1.554502
1.553696
1.552085
1.554502
1.551279
1.552085
1.550474
1.551279
1.549668
1.552085
1.548057
1.552085
1.54564
1.550474
1.544028
1.552085
1.543223
1.551279
1.542417
1.548862
1.543223
1.547251
1.542417
1.544834
1.544834
1.543223
1.54564
1.540806
1.54564
1.539194
1.544834
1.537583
1.544028
1.538389
1.543223
1.537583
1.541611
1.537583
1.539194
1.536777
1.540806
1.536777
1.538389
1.537583
1.535166
1.537583
1.535972
1.535166
1.535166
1.535166
1.535972
1.532749
1.533555
1.531943
1.535166
1.531137
1.53436
1.530332
1.531943
1.529526
1.533555
1.527915
1.530332
1.525498
1.531943
1.524692
1.531137
1.523886
1.531137
1.523886
1.529526
1.523886
1.52872
1.523081
1.527109
1.523886
1.524692
1.523886
1.522275
1.523886
1.521469
1.525498
1.519858
1.523886
1.518247
1.524692
1.517441
1.523886
1.518247
1.522275
1.516635
1.521469
1.51583
1.519858
1.51583
1.521469
1.515024
1.519052
1.514218
1.517441
1.514218
1.516635
1.514218
1.51583
1.512607
1.515024
1.515024
1.513413
1.512607
1.512607
1.51019
1.512607
1.511801
1.51019
1.510996
1.511801
1.51019
1.51019
1.51019
1.509384
1.51019
1.508579
1.508579
1.507773
1.506967
1.506162
1.506162
1.506967
1.506162
1.50455
1.50455
1.505356
1.503745
1.503745
1.503745
1.50455
1.502939
1.502939
1.502133
1.502133
1.501328
1.501328
1.500522
1.500522
1.499716
1.500522
1.49891
1.499716
1.498105
1.499716
1.496493
1.498105
1.496493
1.498105
1.495688
1.498105
1.495688
1.497299
1.492465
1.496493
1.492465
1.496493
1.491659
1.496493
1.490854
1.494882
1.487631
1.494882
1.488437
1.494882
1.486825
1.494882
1.48602
1.493271
1.48602
1.492465
1.48602
1.491659
1.48602
1.489242
1.48602
1.487631
1.486825
1.486825
1.486825
1.483603
1.489242
1.482797
1.487631
1.481186
1.487631
1.481186
1.487631
1.48038
1.48602
1.478769
1.485214
1.478769
1.483603
1.478769
1.482797
1.478769
1.481186
1.477963
1.481186
1.477157
1.479574
1.476351
1.479574
1.477157
1.476351
1.476351
1.477963
1.47474
1.477157
1.47474
1.476351
1.473129
1.47474
1.473935
1.473935
1.473129
1.472323
1.472323
1.472323
1.473129
1.471517
1.472323
1.470712
1.470712
1.469906
1.469906
1.469906
1.469906
1.468295
1.4691
1.4691
1.468295
1.468295
1.466683
1.467489
1.466683
1.465878
1.465072
1.466683
1.465072
1.465072
1.463461
1.465878
1.462655
1.462655
1.461044
1.465072
1.460238
1.463461
1.458627
1.463461
1.455404
1.463461
1.457821
1.464266
1.455404
1.461849
1.45621
1.461044
1.455404
1.460238
1.45621
1.457015
1.45621
1.454598
1.458627
1.452987
1.459432
1.452181
1.458627
1.452181
1.45621
1.451376
1.457015
1.45057
1.455404
1.451376
1.453793
1.451376
1.452987
1.45057
1.451376
1.451376
1.451376
1.449764
1.448958
1.45057
1.448153
1.448958
1.448153
1.448153
1.448153
1.447347
1.447347
1.445736
1.447347
1.44493
1.448153
1.444124
1.446542
1.443268
1.446542
1.441657
1.446542
1.440851
1.447347
1.440851
1.445736
1.440851
1.444124
1.440851
1.441657
1.442463
1.43924
1.443268
1.438434
1.443268
1.436823
1.443268
1.437629
1.441657
1.436017
1.440851
1.436017
1.43924
1.436017
1.440046
1.436017
1.437629
1.435212
1.438434
1.434406
1.436823
1.4336
1.435212
1.434406
1.434406
1.4336
1.432795
1.432795
1.432795
1.432795
1.431183
1.431989
1.431989
1.430378
1.431989
1.431183
1.431183
1.430378
1.429572
1.429572
1.430378
1.428766
1.429572
1.427961
1.428766
1.427155
1.428766
1.424738
1.428766
1.423127
1.429572
1.423127
1.427155
1.421515
1.428766
1.419904
1.427961
1.42071
1.427155
1.418293
1.424738
1.42071
1.423127
1.421515
1.422321
1.422321
1.418293
1.423127
1.417487
1.423932
1.415875
1.423127
1.415875
1.421515
1.41507
1.421515
1.41507
1.419904
1.414264
1.419904
1.41507
1.418293
1.414264
1.417487
1.414264
1.415875
1.414264
1.415875
1.414264
1.414264
1.413458
1.415875
1.413458
1.413458
1.413458
1.411847
1.413458
1.411847
1.411847
1.411041
1.411041
1.410236
1.411041
1.410236
1.410236
1.410236
1.408624
1.40943
1.407819
1.40943
1.407819
1.407819
1.407013
1.407819
1.407013
1.408624
1.405402
1.408624
1.404596
1.407013
1.402179
1.406207
1.402179
1.407013
1.400568
1.407819
1.400568
1.407819
1.398956
1.405402
1.399762
1.406207
1.399762
1.402985
1.400568
1.398956
1.402179
1.398151
1.400568
1.398151
1.402985
1.396539
1.401373
1.394928
1.401373
1.394928
1.400568
1.394122
1.398956
1.394122
1.397345
1.394122
1.394928
1.392511
1.394122
1.395734
1.394928
1.394122
1.393317
1.393317
1.393317
1.391705
1.393317
1.391705
1.392511
1.391705
1.391705
1.390094
1.391705
1.389288
1.392511
1.387677
1.392511
1.386065
1.391705
1.384454
1.392511
1.384454
1.390094
1.38526
1.388482
1.384454
1.386871
1.387677
1.382843
1.388482
1.382843
1.388482
1.381231
1.388482
1.380426
1.387677
1.381231
1.38526
1.381231
1.38526
1.381231
1.383648
1.380426
1.382037
1.378814
1.380426
1.381231
1.381231
1.380426
1.378814
1.378814
1.378814
1.378814
1.378009
1.377203
1.378009
1.377203
1.378814
1.377203
1.377203
1.37398
1.377203
1.374786
1.377203
1.373175
1.377203
1.371563
1.375592
1.37398
1.375592
1.369146
1.375592
1.369146
1.378814
1.36834
1.375592
1.367535
1.374786
1.367535
1.371563
1.369952
1.370758
1.370758
1.367535
1.370758
1.365924
1.370758
1.364312
1.371563
1.364312
1.369952
1.364312
1.369146
1.363506
1.36834
1.365924
1.366729
1.362701
1.366729
1.363506
1.365924
1.364312
1.366729
1.361895
1.362701
1.363506
1.362701
1.362701
1.362701
1.362701
1.361895
1.361895
1.361895
1.361895
1.360284
1.361089
1.358672
1.360284
1.358672
1.357867
1.358672
1.357061
1.358672
1.357061
1.359478
1.35545
1.357867
1.353838
1.358672
1.353033
1.357867
1.352227
1.358672
1.351421
1.357867
1.350616
1.357867
1.350616
1.357867
1.350616
1.357061
1.350616
1.35545
1.34981
1.352227
1.353033
1.350616
1.353033
1.348199
1.352227
1.347393
1.353838
1.345782
1.353838
1.345782
1.351421
1.346587
1.351421
1.344976
1.348199
1.345782
1.34981
1.345782
1.347393
1.346587
1.347393
1.345782
1.345782
1.344976
1.344976
1.34417
1.347393
1.344976
1.34417
1.343365
1.343365
1.343365
1.342559
1.340948
1.341753
1.341753
1.341753
1.342559
1.341753
1.340142
1.341753
1.337725
1.342559
1.336919
1.341753
1.337725
1.341753
1.335308
1.341753
1.332891
1.340948
1.332891
1.341753
1.332085
1.340948
1.332891
1.337725
1.334502
1.336113
1.334502
1.334502
1.334502
1.332085
1.335308
1.329668
1.335308
1.328862
1.336113
1.328057
1.335308
1.328862
1.334502
1.328057
1.331279
1.328057
1.332891
1.327251
1.331279
1.328862
1.329668
1.328057
1.328862
1.328862
1.328862
1.328057
1.327251
1.328057
1.327251
1.327251
1.328057
1.32564
1.326445
1.32564
1.32564
1.324834
1.32564
1.324028
1.327251
1.323223
1.324834
1.321611
1.32564
1.319194
1.327251
1.317583
1.32564
1.319194
1.32564
1.318389
1.322417
1.32
1.32
1.322417
1.315972
1.322417
1.315166
1.323223
1.315166
1.322417
1.31436
1.316777
1.315166
1.318389
1.315166
1.319194
1.315972
1.316777
1.315972
1.315972
1.315166
1.315166
1.315166
1.315166
1.31436
1.31436
1.31436
1.313555
1.31436
1.31436
1.311943
1.313555
1.311943
1.31436
1.310332
1.31436
1.30872
1.313555
1.307915
1.31436
1.306304
1.313555
1.305498
1.312749
1.305498
1.312749
1.307109
1.30872
1.310332
1.305498
1.311943
1.303886
1.311138
1.302275
1.310332
1.302275
1.30872
1.303081
1.307109
1.303081
1.307109
1.303081
1.304692
1.302275
1.304692
1.303886
1.303081
1.302275
1.303886
1.303081
1.299858
1.303081
1.300664
1.302275
1.300664
1.299858
1.300664
1.301469
1.300664
1.301469
1.300664
1.299052
1.299858
1.298247
1.300664
1.296635
1.300664
1.296635
1.299858
1.295024
1.299052
1.294218
1.300664
1.291801
1.299858
1.290996
1.29583
1.291801
1.296635
1.292607
1.294218
1.293413
1.292607
1.29583
1.289384
1.29583
1.289384
1.29583
1.287773
1.293413
1.288579
1.292607
1.288579
1.292607
1.288579
1.290996
1.288579
1.29019
1.288579
1.289384
1.287773
1.287773
1.288579
1.288579
1.286967
1.288579
1.287773
1.286967
1.285356
1.286967
1.286162
1.286162
1.283745
1.285356
1.282939
1.285356
1.280522
1.286967
1.282133
1.286162
1.280522
1.286162
1.277299
1.286967
1.278105
1.285356
1.278105
1.28455
1.278911
1.281327
1.282133
1.277299
1.282133
1.276493
1.282939
1.274882
1.281327
1.274882
1.280522
1.275688
1.280522
1.274076
1.278911
1.274882
1.277299
1.276493
1.276493
1.275688
1.275688
1.274882
1.274882
1.274076
1.274076
1.273271
1.274076
1.274076
1.273271
1.271659
1.273271
1.270854
1.274882
1.269242
1.274882
1.266825
1.274882
1.265214
1.272465
1.268437
1.268437
1.271659
1.26602
1.273271
1.265214
1.271659
1.264408
1.270854
1.265214
1.268437
1.265214
1.268437
1.264408
1.266825
1.26602
1.266825
1.264408
1.265214
1.265214
1.263603
1.263603
1.263603
1.263603
1.263603
1.262797
1.264408
1.261991
1.263603
1.259574
1.264408
1.26038
1.263603
1.257963
1.265214
1.255546
1.265214
1.255546
1.263603
1.257157
1.26038
1.258769
1.257157
1.261186
1.253935
1.261186
1.252323
1.261186
1.253935
1.257963
1.253129
1.259574
1.253935
1.256352
1.255546
1.257157
1.253935
1.253935
1.253935
1.253935
1.25474
1.253129
1.252323
1.253935
1.251517
1.253935
1.250712
1.251517
1.2491
1.253129
1.248295
1.253129
1.248295
1.25474
1.245072
1.25474
1.246683
1.252323
1.247489
1.2491
1.249906
1.245072
1.252323
1.244266
1.250712
1.243461
1.250712
1.245072
1.2491
1.244266
1.246683
1.245072
1.245878
1.245878
1.244266
1.243461
1.244266
1.244266
1.243461
1.243461
1.244266
1.241849
1.244266
1.240238
1.245072
1.238627
1.245878
1.234548
1.244266
1.237821
1.244266
1.237821
1.239432
1.240238
1.233742
1.241849
1.233742
1.242655
1.232937
1.240238
1.232937
1.241044
1.233742
1.237821
1.234548
1.235354
1.233742
1.234548
1.234548
1.232131
1.232937
1.232937
1.23052
1.232131
1.231325
1.232937
1.231325
1.232937
1.228908
1.232131
1.228908
1.232131
1.226491
1.232937
1.226491
1.232937
1.22488
1.232937
1.223268
1.232131
1.224074
1.229714
1.225685
1.226491
1.226491
1.225685
1.228102
1.223268
1.229714
1.221657
1.228102
1.221657
1.226491
1.220046
1.227297
1.220046
1.225685
1.221657
1.224074
1.220851
1.222463
1.220851
1.220851
1.220851
1.220046
1.221657
1.218434
1.220046
1.220046
1.220046
1.218434
1.217629
1.21924
1.216017
1.218434
1.215212
1.218434
1.214406
1.218434
1.212795
1.21924
1.211989
1.21924
1.209572
1.216823
1.210378
1.216823
1.211989
1.214406
1.2136
1.209572
1.214406
1.207961
1.215212
1.207961
1.214406
1.207155
1.214406
1.207961
1.211989
1.207961
1.211183
1.207155
1.210378
1.208766
1.208766
1.206349
1.207961
1.206349
1.207155
1.207155
1.207155
1.205544
1.204738
1.205544
1.204738
1.204738
1.204738
1.203932
1.205544
1.203932
1.204738
1.200709
1.205544
1.201515
1.204738
1.199098
1.205544
1.198292
1.204738
1.195875
1.203932
1.195875
1.203932
1.194264
1.203127
1.196681
1.200709
1.196681
1.198292
1.198292
1.195875
1.199098
1.193458
1.199904
1.192653
1.199904
1.190236
1.198292
1.191847
1.197487
1.191041
1.197487
1.191041
1.195875
1.191847
1.194264
1.191041
1.192653
1.191041
1.190236
1.190236
1.190236
1.18943
1.190236
1.18943
1.18943
1.187819
1.18943
1.187819
1.18943
1.188624
1.18943
1.186207
1.187819
1.185402
1.188624
1.184596
1.188624
1.182179
1.187819
1.18379
1.187819
1.180568
1.188624
1.178151
1.188624
1.178151
1.186207
1.179762
1.184596
1.181373
1.182179
1.181373
1.179762
1.18379
1.178151
1.184596
1.175734
1.18379
1.174928
1.181373
1.174928
1.181373
1.174928
1.180568
1.174928
1.179762
1.175734
1.178151
1.175734
1.175734
1.174928
1.174122
1.175734
1.174122
1.174122
1.174928
1.174122
1.174122
1.171705
1.172511
1.171705
1.172511
1.1709
1.172511
1.170094
1.174122
1.167677
1.172511
1.166871
1.172511
1.164454
1.173316
1.163648
1.172511
1.163648
1.169288
1.163648
1.166871
1.167677
1.163648
1.168482
1.161231
1.170094
1.161231
1.170094
1.160426
1.166871
1.15962
1.166871
1.15962
1.163648
1.160426
1.163648
1.162037
1.162037
1.161231
1.160426
1.158814
1.160426
1.158814
1.15962
1.158814
1.15962
1.158009
1.158009
1.157203
1.158814
1.155592
1.158814
1.15398
1.158009
1.153175
1.15962
1.149952
1.158814
1.149146
1.158009
1.149952
1.156397
1.151563
1.152369
1.153175
1.149952
1.154786
1.146729
1.15398
1.145118
1.153175
1.145923
1.153175
1.145923
1.151563
1.146729
1.150758
1.145118
1.149146
1.145923
1.148341
1.146729
1.146729
1.145118
1.145118
1.145118
1.144312
1.144312
1.143507
1.144312
1.143507
1.142701
1.141895
1.142701
1.142701
1.141089
1.141895
1.139478
1.141089
1.138672
1.140284
1.137061
1.141895
1.13545
1.141895
1.133838
1.140284
1.132227
1.141089
1.130616
1.140284
1.130616
1.139478
1.132227
1.136255
1.133033
1.133033
1.133838
1.12981
1.13545
1.126587
1.134644
1.125782
1.134644
1.125782
1.131421
1.12417
1.131421
1.125782
1.131421
1.125782
1.131421
1.124976
1.127393
1.124976
1.126587
1.124976
1.12417
1.124976
1.12417
1.123365
1.12417
1.122559
1.12417
1.124976
1.121753
1.121753
1.120948
1.119336
1.121753
1.119336
1.120948
1.116114
1.121753
1.115308
1.120948
1.113696
1.121753
1.112085
1.120142
1.111279
1.119336
1.111279
1.116919
1.114502
1.115308
1.116919
1.111279
1.116919
1.110474
1.117725
1.107251
1.115308
1.108057
1.115308
1.108862
1.111279
1.108057
1.112085
1.108862
1.108862
1.108862
1.108057
1.108862
1.108862
1.108057
1.108057
1.107251
1.107251
1.107251
1.107251
1.107251
1.107251
1.104834
1.106445
1.104028
1.108057
1.1
1.107251
1.099194
1.107251
1.098389
1.107251
1.097583
1.107251
1.098389
1.103223
1.100806
1.099194
1.103223
1.096777
1.10564
1.095972
1.103223
1.095166
1.102417
1.095972
1.1
1.095972
1.099194
1.095972
1.097583
1.095972
1.095972
1.095166
1.095166
1.095166
1.095166
1.093555
1.09436
1.092749
1.09436
1.089526
1.09436
1.089526
1.095166
1.087109
1.095166
1.083886
1.09436
1.084692
1.091943
1.087109
1.087109
1.091138
1.083886
1.091943
1.082275
1.089526
1.082275
1.08872
1.082275
1.086303
1.082275
1.084692
1.083081
1.083081
1.083081
1.083081
1.082275
1.081469
1.081469
1.081469
1.079858
1.079052
1.079052
1.079858
1.077441
1.080664
1.074218
1.079858
1.073413
1.080664
1.070996
1.079858
1.069384
1.079052
1.070996
1.075024
1.074218
1.07019
1.075024
1.067773
1.076635
1.066162
1.074218
1.066162
1.071801
1.066162
1.070996
1.065356
1.068579
1.066162
1.066162
1.066162
1.066967
1.06455
1.06455
1.06455
1.062939
1.062939
1.063745
1.063745
1.062939
1.060522
1.061327
1.058105
1.062133
1.055688
1.061327
1.054882
1.060522
1.052465
1.062133
1.051659
1.059716
1.050854
1.058105
1.053271
1.054076
1.054882
1.050048
1.054882
1.046825
1.054882
1.04602
1.053271
1.04602
1.051659
1.044408
1.050854
1.046825
1.047631
1.04602
1.045214
1.04602
1.044408
1.045214
1.042797
1.042797
1.042797
1.041186
1.042797
1.039574
1.043603
1.037963
1.043603
1.033934
1.043603
1.032323
1.04038
1.033934
1.036352
1.037157
1.031518
1.038769
1.029856
1.037963
1.029856
1.036352
1.030661
1.033934
1.030661
1.030661
1.029856
1.030661
1.02905
1.02905
1.02905
1.02905
1.027439
1.026633
1.025022
1.027439
1.022605
1.027439
1.020188
1.026633
1.018576
1.028244
1.016159
1.025022
1.018576
1.020188
1.020188
1.016159
1.021799
1.012937
1.021799
1.012131
1.018576
1.011325
1.014548
1.012937
1.013742
1.01052
1.012937
1.012131
1.01052
1.009714
1.009714
1.009714
1.009714
1.008103
1.007297
1.00488
1.006491
1.004074
1.007297
1.000851
1.008103
0.9992401
1.007297
0.996823
1.008103
0.9952117
1.005685
0.9960174
1.001657
0.9976288
0.9960174
1.000046
0.9927946
1.000851
0.9903776
0.9992401
0.9903776
0.9976288
0.9903776
0.9952117
0.9887663
0.9927946
0.9887663
0.9903776
0.9887663
0.989572
0.9855435
0.9879606
0.9839322
0.9847379
0.9847379
0.9815151
0.9831265
0.9831265
0.9815151
0.9815151
0.9799038
0.9815151
0.9774868
0.9799038
0.9758755
0.9799038
0.9718471
0.9799038
0.9710414
0.9774868
0.9678186
0.9782925
0.964596
0.9750698
0.9654016
0.9726527
0.9654016
0.9686243
0.967013
0.9637903
0.967013
0.962179
0.9694301
0.9581506
0.9678186
0.9565392
0.9637903
0.9549278
0.9629847
0.9541222
0.9605676
0.9533165
0.9573449
0.9533165
0.9541222
0.9525108
0.9525108
0.9508995
0.9492882
0.9492882
0.9484824
0.9476768
0.9468711
0.9452598
0.9444541
0.9436484
0.9444541
0.942037
0.9412313
0.9404257
0.9412313
0.9388144
0.9404257
0.9331746
0.9404257
0.9307576
0.9380087
0.9283405
0.9388144
0.9267292
0.9363974
0.9243122
0.9307576
0.9259235
0.9235065
0.9283405
0.917061
0.9291462
0.9162554
0.9267292
0.9154497
0.9243122
0.9154497
0.9218951
0.9146441
0.917061
0.9114214
0.9130327
0.9122271
0.9106157
0.90981
0.9090043
0.9065873
0.9065873
0.904976
0.9041702
0.9025589
0.9025589
0.9001419
0.9017532
0.8961135
0.9001419
0.8928908
0.8993362
0.8896681
0.8985306
0.8856398
0.8969192
0.8832227
0.8928908
0.8816113
0.8896681
0.8832227
0.8832227
0.8832227
0.8759716
0.8840283
0.8727489
0.8840283
0.8703319
0.8783886
0.8679149
0.8743603
0.8671092
0.8711375
0.8654978
0.8671092
0.8646921
0.8638865
0.8622751
0.8606638
0.857441
0.857441
0.8566353
0.855024
0.852607
0.8518013
0.85019
0.8493842
0.8453559
0.8461616
0.8405218
0.8469672
0.8372992
0.8445502
0.8324651
0.8445502
0.8284367
0.8381048
0.827631
0.8324651
0.827631
0.8227466
0.827631
0.8163012
0.827631
0.8122728
0.8235522
0.8098557
0.8179125
0.8082444
0.8122728
0.8050217
0.8074388
0.8026047
0.801799
0.7985763
0.7969649
0.7953536
0.7945479
0.7897139
0.7881025
0.7840741
0.7832685
0.7792401
0.7792401
0.774406
0.774406
0.7679606
0.771989
0.7607095
0.7679606
0.7526527
0.7631266
0.7502357
0.7784344
0.7526527
0.7671549
0.7679606
0.7582925
0.7784344
0.7558755
0.7961593
0.7494301
0.7937422
0.7494301
0.7872968
0.7462073
0.7848798
0.7703776
0.7671549
0.7776287
0.7615152
0.7832685
0.7582925
0.7897139
0.7558755
0.7961593
0.7510414
0.8009933
0.7478187
0.799382
0.747013
0.7913252
0.7454017
0.7864912
0.7413733
0.7792401
0.7405676
0.7752117
0.7373449
0.7752117
0.7300939
0.771989
0.7252598
0.7736003
0.7244541
0.7727947
0.7260654
0.7703776
0.7808514
0.747013
0.7510414
0.7840741
0.747013
0.7534585
0.8050217
0.7300939
0.744596
0.742179
0.7985763
0.7317052
0.7381506
0.7558755
0.7808514
0.7308995
0.7325109
0.7502357
0.7913252
0.7486244
0.7518471
0.747013
0.7929366
0.7623209
0.7623209
0.7381506
0.7776287
0.7784344
0.7808514
0.7325109
0.7639322
0.7889082
0.8009933
0.7236485
0.7566812
0.771989
0.801799
0.71962
0.7727947
0.7510414
0.7800457
0.744596
0.7889082
0.776823
0.7840741
0.7881025
0.776823
0.7961593
0.7711833
0.801799
0.7655436
0.8001877
0.7574868
0.7985763
0.7518471
0.7929366
0.7462073
0.7856855
0.742179
0.7800457
0.7357336
0.771989
0.7308995
0.7679606
0.7268711
0.7599039
0.7300939
0.7526527
0.7389563
0.744596
0.7486244
0.7341222
0.7550698
0.7365393
0.7663493
0.7413733
0.774406
0.7462073
0.7816571
0.8058273
0.7848798
0.7502357
0.7599039
0.7647379
0.7566812
0.7365393
0.747013
0.7687663
0.7365393
0.7872968
0.799382
0.7800457
0.7429847
0.771989
0.7502357
0.7647379
0.7582925
0.7566812
0.7663493
0.747013
0.7760174
0.7413733
0.7840741
0.7333165
0.7913252
0.7260654
0.7929366
0.7228427
0.7872968
0.7308995
0.7784344
0.7349279
0.7711833
0.7437903
0.7623209
0.7502357
0.7542641
0.7607095
0.744596
0.7679606
0.7373449
0.7784344
0.7292881
0.7840741
0.7341222
0.776823
0.7429847
0.7671549
0.7542641
0.7542641
0.7671549
0.7381506
0.7816571
0.7260654
0.7864912
0.7317052
0.7776287
0.742179
0.7687663
0.7518471
0.7574868
0.7607095
0.7462073
0.7727947
0.7357336
0.7832685
0.7276768
0.7913252
0.7180087
0.7872968
0.7220371
0.7816571
0.7308995
0.771989
0.7389563
0.7615152
0.747013
0.7526527
0.7550698
0.7429847
0.7679606
0.7349279
0.7776287
0.7292881
0.7856855
0.7333165
0.7816571
0.7357336
0.7752117
0.7437903
0.7671549
0.7518471
0.7502357
0.7623209
0.744596
0.774406
0.7268711
0.7889082
0.71962
0.7889082
0.7236485
0.7848798
0.7276768
0.7784344
0.7349279
0.7711833
0.7413733
0.7639322
0.7494301
0.7550698
0.7590981
0.7462073
0.7671549
0.7381506
0.7760174
0.7268711
0.7840741
0.7204257
0.7921309
0.714786
0.7872968
0.71962
0.7800457
0.7268711
0.7727947
0.7325109
0.7663493
0.7381506
0.7566812
0.7478187
0.7502357
0.7542641
0.7413733
0.7631266
0.7349279
0.769572
0.7252598
0.7808514
0.7155917
0.7840741
0.7236485
0.7792401
