3.3
3.3
3.3
3.3
2.897917
2.607773
2.586825
2.569906
2.557015
2.542513
2.536068
2.522371
2.515926
2.504646
2.503035
2.491755
2.490144
2.481282
2.480476
2.470757
2.47398
2.463506
2.465924
2.457061
2.461089
2.451421
2.457061
2.447393
2.452227
2.443365
2.44981
2.440948
2.444976
2.437725
2.443365
2.435308
2.440948
2.434502
2.436919
2.431279
2.436113
2.431279
2.432085
2.428862
2.428862
2.428057
2.426445
2.426445
2.423223
2.42564
2.421611
2.42564
2.420806
2.424028
2.418389
2.423223
2.415972
2.421611
2.412749
2.417583
2.411943
2.418389
2.410332
2.415972
2.411138
2.415166
2.407915
2.413554
2.407109
2.411138
2.405498
2.409526
2.404692
2.407915
2.402275
2.406303
2.401469
2.404692
2.400664
2.403081
2.399858
2.401469
2.398247
2.400664
2.398247
2.397441
2.395024
2.396635
2.393413
2.39583
2.391801
2.393413
2.39019
2.391801
2.39019
2.389384
2.388579
2.388579
2.387773
2.386162
2.386967
2.38455
2.38455
2.385356
2.385356
2.382133
2.382939
2.382133
2.380522
2.380522
2.380522
2.378105
2.378911
2.378105
2.377299
2.377299
2.376493
2.374882
2.374882
2.374076
2.372465
2.373271
2.373271
2.370854
2.372465
2.370854
2.370854
2.369242
2.368437
2.367631
2.367631
2.366825
2.367631
2.364408
2.36602
2.36602
2.364408
2.363603
2.362797
2.362797
2.361991
2.361991
2.361186
2.36038
2.36038
2.36038
2.358768
2.359574
2.357157
2.357157
2.356352
2.358768
2.355546
2.357157
2.35474
2.355546
2.353935
2.355546
2.353129
2.35474
2.351517
2.355546
2.349906
2.353129
2.349906
2.352323
2.348295
2.352323
2.3491
2.352323
2.346684
2.350712
2.345878
2.3491
2.345878
2.349906
2.344266
2.3491
2.343461
2.348295
2.343461
2.348295
2.343461
2.346684
2.341849
2.347489
2.341044
2.345878
2.338627
2.345878
2.339432
2.346684
2.338627
2.346684
2.338627
2.345072
2.338627
2.343461
2.337015
2.343461
2.33621
2.341849
2.33621
2.341849
2.337821
2.340238
2.337015
2.339432
2.33621
2.337821
2.337821
2.337821
2.337821
2.33621
2.338627
2.335404
2.339432
2.333792
2.338627
2.334598
2.341044
2.333792
2.339432
2.333792
2.338627
2.332181
2.338627
2.333792
2.337015
2.332181
2.337821
2.332181
2.337015
2.332181
2.337015
2.332987
2.337821
2.333792
2.335404
2.332987
2.33621
2.333792
2.335404
2.331376
2.335404
2.333792
2.335404
2.334598
2.33621
2.333792
2.335404
2.334598
2.335404
2.332987
2.335404
2.334598
2.334598
2.334598
2.33621
2.335404
2.334598
2.334598
2.337015
2.335404
2.33621
2.335404
2.335404
2.335404
2.33621
2.334598
2.33621
2.335404
2.335404
2.33621
2.33621
2.33621
2.334598
2.33621
2.337015
2.337821
2.33621
2.337015
2.33621
2.337015
2.337015
2.33621
2.337015
2.337015
2.339432
2.337821
2.337821
2.337821
2.337015
2.337821
2.337821
2.338627
2.338627
2.337821
2.337821
2.339432
2.339432
2.338627
2.338627
2.338627
2.340238
2.337821
2.340238
2.339432
2.339432
2.338627
2.341849
2.339432
2.341849
2.339432
2.342655
2.339432
2.342655
2.340238
2.342655
2.339432
2.342655
2.340238
2.344266
2.341044
2.345878
2.337015
2.345072
2.340238
2.345072
2.340238
2.345072
2.341044
2.346684
2.341044
2.345878
2.343461
2.347489
2.341849
2.347489
2.341044
2.348295
2.341849
2.347489
2.343461
2.346684
2.341849
2.348295
2.344266
2.348295
2.345072
2.348295
2.345878
2.347489
2.347489
2.349906
2.346684
2.348295
2.349906
2.3491
2.348295
2.348295
2.3491
2.348295
2.3491
2.3491
2.349906
2.3491
2.349906
2.348295
2.351517
2.348295
2.353129
2.3491
2.353935
2.347489
2.353129
2.348295
2.356352
2.349906
2.355546
2.3491
2.356352
2.350712
2.35474
2.351517
2.355546
2.349906
2.35474
2.353129
2.356352
2.352323
2.356352
2.353129
2.356352
2.35474
2.356352
2.35474
2.357963
2.35474
2.355546
2.35474
2.353935
2.355546
2.356352
2.357157
2.356352
2.357157
2.357157
2.357963
2.356352
2.358768
2.357963
2.357963
2.358768
2.357963
2.359574
2.357963
2.358768
2.358768
2.358768
2.358768
2.361186
2.359574
2.361186
2.359574
2.36038
2.36038
2.361991
2.36038
2.362797
2.36038
2.362797
2.358768
2.363603
2.361186
2.364408
2.36038
2.365214
2.359574
2.36602
2.361186
2.365214
2.361186
2.36602
2.36038
2.36602
2.362797
2.366825
2.362797
2.366825
2.36602
2.364408
2.366825
2.365214
2.368437
2.364408
2.370048
2.361991
2.370048
2.363603
2.370048
2.364408
2.369242
2.364408
2.369242
2.36602
2.370048
2.36602
2.369242
2.366825
2.370048
2.367631
2.369242
2.367631
2.369242
2.369242
2.370048
2.369242
2.370854
2.370048
2.370048
2.370854
2.370048
2.370854
2.370854
2.370854
2.371659
2.370854
2.371659
2.370048
2.372465
2.371659
2.372465
2.373271
2.372465
2.372465
2.374076
2.373271
2.374882
2.373271
2.374076
2.374882
2.374882
2.375688
2.374076
2.374882
2.374076
2.374882
2.375688
2.377299
2.376493
2.375688
2.375688
2.376493
2.377299
2.378105
2.376493
2.376493
2.376493
2.377299
2.377299
2.375688
2.377299
2.377299
2.378105
2.377299
2.379716
2.376493
2.379716
2.376493
2.380522
2.378105
2.381327
2.376493
2.382133
2.377299
2.382133
2.378105
2.382939
2.377299
2.382133
2.378911
2.383744
2.378911
2.382133
2.379716
2.382133
2.379716
2.382939
2.381327
2.381327
2.383744
2.379716
2.383744
2.378911
2.385356
2.380522
2.386967
2.380522
2.385356
2.381327
2.387773
2.381327
2.385356
2.382133
2.386162
2.382133
2.386967
2.382939
2.386162
2.38455
2.385356
2.385356
2.385356
2.385356
2.386162
2.386162
2.386162
2.386162
2.386162
2.386162
2.387773
2.388579
2.386967
2.387773
2.389384
2.387773
2.387773
2.387773
2.387773
2.386967
2.388579
2.387773
2.388579
2.387773
2.388579
2.389384
2.389384
2.389384
2.390996
2.388579
2.391801
2.388579
2.391801
2.388579
2.393413
2.39019
2.392607
2.387773
2.392607
2.388579
2.393413
2.387773
2.39583
2.388579
2.39583
2.392607
2.39583
2.392607
2.395024
2.392607
2.392607
2.395024
2.393413
2.395024
2.390996
2.39583
2.391801
2.396635
2.390996
2.396635
2.391801
2.397441
2.392607
2.397441
2.392607
2.397441
2.393413
2.397441
2.394218
2.397441
2.395024
2.396635
2.39583
2.396635
2.395024
2.397441
2.39583
2.39583
2.397441
2.397441
2.398247
2.397441
2.397441
2.398247
2.396635
2.398247
2.397441
2.396635
2.398247
2.398247
2.399052
2.398247
2.398247
2.399052
2.397441
2.400664
2.398247
2.399052
2.399052
2.402275
2.398247
2.402275
2.399052
2.403081
2.398247
2.403081
2.398247
2.403081
2.398247
2.403886
2.398247
2.402275
2.399052
2.403081
2.400664
2.404692
2.402275
2.402275
2.403081
2.403081
2.403886
2.401469
2.405498
2.399052
2.407109
2.400664
2.407109
2.400664
2.407109
2.399858
2.406303
2.402275
2.406303
2.403081
2.406303
2.403081
2.407915
2.403081
2.406303
2.404692
2.405498
2.404692
2.405498
2.404692
2.406303
2.405498
2.404692
2.405498
2.405498
2.407109
2.406303
2.407109
2.407915
2.407915
2.407109
2.407109
2.407915
2.407109
2.407109
2.407109
2.407109
2.407915
2.40872
2.407915
2.407915
2.407915
2.409526
2.407915
2.409526
2.407109
2.410332
2.407915
2.411138
2.407109
2.411943
2.407915
2.411943
2.40872
2.411138
2.407915
2.412749
2.407915
2.412749
2.40872
2.412749
2.407915
2.413554
2.409526
2.411943
2.410332
2.411943
2.411138
2.411138
2.411943
2.410332
2.41436
2.40872
2.413554
2.409526
2.415166
2.409526
2.415166
2.410332
2.415166
2.411138
2.415166
2.410332
2.415166
2.411138
2.41436
2.413554
2.413554
2.412749
2.41436
2.41436
2.413554
2.413554
2.413554
2.415166
2.41436
2.413554
2.415166
2.415166
2.413554
2.415166
2.41436
2.41436
2.415166
2.415166
2.415166
2.415166
2.415972
2.415166
2.415972
2.413554
2.416777
2.41436
2.417583
2.41436
2.417583
2.41436
2.418389
2.413554
2.419194
2.41436
2.42
2.415166
2.421611
2.415972
2.420806
2.416777
2.419194
2.419194
2.418389
2.42
2.416777
2.420806
2.415166
2.420806
2.415166
2.420806
2.418389
2.421611
2.417583
2.42
2.417583
2.420806
2.418389
2.420806
2.420806
2.420806
2.419194
2.42
2.42
2.421611
2.42
2.420806
2.419194
2.420806
2.422417
2.420806
2.421611
2.420806
2.421611
2.421611
2.420806
2.421611
2.42
2.421611
2.420806
2.421611
2.42
2.424028
2.420806
2.424834
2.420806
2.424834
2.42
2.424028
2.419194
2.426445
2.420806
2.424028
2.421611
2.423223
2.422417
2.422417
2.424834
2.421611
2.42564
2.420806
2.426445
2.420806
2.426445
2.421611
2.426445
2.421611
2.42564
2.423223
2.424028
2.421611
2.426445
2.422417
2.424834
2.424028
2.424834
2.424028
2.424834
2.42564
2.424834
2.424834
2.424834
2.424834
2.42564
2.42564
2.424834
2.42564
2.42564
2.424834
2.42564
2.42564
2.426445
2.42564
2.426445
2.426445
2.42564
2.426445
2.426445
2.426445
2.426445
2.426445
2.428057
2.42564
2.428862
2.42564
2.428862
2.42564
2.429668
2.42564
2.428862
2.424834
2.428862
2.426445
2.431279
2.424834
2.432085
2.42564
2.431279
2.426445
2.430474
2.426445
2.428862
2.428057
2.428862
2.428862
2.428057
2.430474
2.427251
2.432085
2.428057
2.431279
2.426445
2.431279
2.426445
2.432085
2.427251
2.432085
2.428057
2.432085
2.428057
2.431279
2.428862
2.432085
2.428862
2.432891
2.431279
2.430474
2.429668
2.431279
2.431279
2.430474
2.431279
2.430474
2.430474
2.428862
2.432891
2.431279
2.431279
2.430474
2.432085
2.432085
2.430474
2.430474
2.431279
2.432085
2.432085
2.432891
2.432085
2.432085
2.430474
2.432891
2.431279
2.432891
2.431279
2.433697
2.430474
2.434502
2.431279
2.434502
2.432085
2.434502
2.430474
2.435308
2.430474
2.435308
2.429668
2.436919
2.431279
2.436113
2.430474
2.436919
2.430474
2.436113
2.432085
2.435308
2.432085
2.435308
2.431279
2.435308
2.433697
2.434502
2.435308
2.434502
2.436113
2.433697
2.437725
2.433697
2.436919
2.432085
2.436113
2.432085
2.43853
2.432891
2.437725
2.432891
2.437725
2.432891
2.437725
2.432891
2.43853
2.433697
2.437725
2.432891
2.437725
2.432891
2.436919
2.435308
2.437725
2.435308
2.436919
2.435308
2.43853
2.436113
2.437725
2.434502
2.437725
2.436919
2.437725
2.436113
2.436919
2.436919
2.437725
2.437725
2.437725
2.436919
2.437725
2.437725
2.437725
2.437725
2.43853
2.437725
2.43853
2.437725
2.43853
2.43853
2.43853
2.436919
2.437725
2.437725
2.436919
2.439336
2.43853
2.437725
2.43853
2.43853
2.43853
2.439336
2.440142
2.439336
2.43853
2.440142
2.43853
2.439336
2.43853
2.43853
2.439336
2.43853
2.440142
2.43853
2.440948
2.440142
2.441753
2.43853
2.440142
2.43853
2.440948
2.437725
2.441753
2.439336
2.440948
2.439336
2.440142
2.43853
2.441753
2.43853
2.442559
2.43853
2.441753
2.440142
2.441753
2.43853
2.443365
2.439336
2.442559
2.439336
2.44417
2.437725
2.443365
2.43853
2.442559
2.440142
2.443365
2.43853
2.443365
2.43853
2.44417
2.43853
2.44417
2.440142
2.44417
2.43853
2.44417
2.440948
2.444976
2.440142
2.44417
2.440948
2.443365
2.441753
2.44417
2.443365
2.443365
2.441753
2.443365
2.443365
2.441753
2.44417
2.440948
2.444976
2.440142
2.445781
2.440142
2.446587
2.441753
2.446587
2.441753
2.446587
2.440948
2.446587
2.440948
2.447393
2.440142
2.44417
2.441753
2.445781
2.442559
2.445781
2.441753
2.447393
2.442559
2.44417
2.443365
2.445781
2.441753
2.446587
2.443365
2.444976
2.443365
2.444976
2.443365
2.444976
2.444976
2.44417
2.444976
2.443365
2.444976
2.445781
2.444976
2.445781
2.444976
2.445781
2.445781
2.444976
2.444976
2.444976
2.445781
2.444976
2.444976
2.445781
2.444976
2.445781
2.445781
2.444976
2.444976
2.445781
2.445781
2.446587
2.445781
2.446587
2.444976
2.447393
2.445781
2.447393
2.444976
2.449004
2.44417
2.447393
2.44417
2.449004
2.444976
2.449004
2.444976
2.449004
2.443365
2.449004
2.442559
2.450616
2.44417
2.44981
2.444976
2.450616
2.444976
2.44981
2.444976
2.449004
2.444976
2.449004
2.445781
2.44981
2.447393
2.449004
2.446587
2.449004
2.447393
2.447393
2.447393
2.446587
2.447393
2.446587
2.449004
2.449004
2.44981
2.445781
2.452227
2.447393
2.450616
2.445781
2.451421
2.445781
2.451421
2.446587
2.452227
2.444976
2.450616
2.445781
2.452227
2.445781
2.44981
2.446587
2.451421
2.448199
2.450616
2.447393
2.450616
2.446587
2.450616
2.447393
2.450616
2.447393
2.44981
2.448199
2.450616
2.449004
2.449004
2.449004
2.44981
2.448199
2.44981
2.44981
2.449004
2.449004
2.449004
2.449004
2.44981
2.44981
2.450616
2.44981
2.449004
2.44981
2.44981
2.450616
2.44981
2.449004
2.450616
2.450616
2.450616
2.450616
2.450616
2.44981
2.451421
2.44981
2.451421
2.44981
2.452227
2.44981
2.451421
2.449004
2.452227
2.449004
2.453033
2.449004
2.453033
2.449004
2.452227
2.448199
2.454644
2.447393
2.453838
2.448199
2.453838
2.449004
2.453838
2.44981
2.451421
2.44981
2.452227
2.450616
2.451421
2.450616
2.44981
2.452227
2.44981
2.453838
2.449004
2.453838
2.449004
2.453838
2.449004
2.454644
2.449004
2.453838
2.44981
2.453838
2.449004
2.453033
2.450616
2.454644
2.451421
2.453838
2.452227
2.453838
2.451421
2.453033
2.451421
2.453033
2.451421
2.452227
2.451421
2.453033
2.453033
2.453033
2.453033
2.453033
2.453033
2.453033
2.453033
2.453033
2.453033
2.453838
2.451421
2.453838
2.453033
2.453033
2.452227
2.454644
2.453033
2.453838
2.452227
2.453033
2.453838
2.453033
2.452227
2.454644
2.451421
2.454644
2.450616
2.454644
2.451421
2.456255
2.450616
2.456255
2.450616
2.456255
2.450616
2.456255
2.451421
2.456255
2.453838
2.45545
2.453033
2.453838
2.454644
2.453033
2.454644
2.451421
2.456255
2.451421
2.458672
2.452227
2.457061
2.452227
2.457061
2.452227
2.45545
2.453033
2.454644
2.452227
2.456255
2.453838
2.457061
2.452227
2.456255
2.453033
2.454644
2.453838
2.45545
2.45545
2.45545
2.45545
2.454644
2.454644
2.454644
2.454644
2.454644
2.454644
2.45545
2.456255
2.456255
2.45545
2.45545
2.454644
2.45545
2.456255
2.456255
2.454644
2.456255
2.453838
2.457061
2.453838
2.456255
2.453838
2.457867
2.453033
2.458672
2.453033
2.459478
2.453033
2.459478
2.453033
2.459478
2.453033
2.457061
2.453838
2.457061
2.45545
2.45545
2.457061
2.453033
2.458672
2.453033
2.457867
2.454644
2.458672
2.452227
2.457867
2.453838
2.458672
2.454644
2.458672
2.454644
2.45545
2.45545
2.457061
2.456255
2.456255
2.457061
2.457061
2.456255
2.456255
2.457061
2.456255
2.457061
2.454644
2.45545
2.457061
2.456255
2.457867
2.456255
2.457061
2.457867
2.457061
2.456255
2.457061
2.456255
2.457867
2.456255
2.458672
2.453838
2.457867
2.457061
2.457867
2.454644
2.459478
2.456255
2.460284
2.453838
2.459478
2.454644
2.460284
2.453838
2.459478
2.453838
2.458672
2.454644
2.459478
2.454644
2.459478
2.45545
2.458672
2.457867
2.457061
2.457061
2.456255
2.458672
2.456255
2.461089
2.45545
2.460284
2.453838
2.460284
2.45545
2.459478
2.45545
2.461089
2.454644
2.459478
2.457061
2.460284
2.457061
2.459478
2.457061
2.457867
2.457867
2.458672
2.457867
2.459478
2.457061
2.457061
2.458672
2.458672
2.458672
2.457867
2.457061
2.457061
2.457061
2.458672
2.458672
2.457867
2.458672
2.457061
2.457867
2.457867
2.457867
2.459478
2.457867
2.458672
2.457867
2.458672
2.457061
2.459478
2.457867
2.460284
2.456255
2.459478
2.457061
2.460284
2.457061
2.460284
2.457867
2.460284
2.454644
2.460284
2.45545
2.461089
2.45545
2.461895
2.456255
2.461089
2.456255
2.461895
2.45545
2.461895
2.457061
2.460284
2.457867
2.462701
2.457061
2.459478
2.458672
2.457867
2.458672
2.457867
2.460284
2.457061
2.461895
2.456255
2.461895
2.457867
2.462701
2.457061
2.461089
2.457061
2.462701
2.456255
2.461895
2.457867
2.461089
2.457061
2.461089
2.457061
2.460284
2.457867
2.459478
2.457867
2.459478
2.459478
2.458672
2.458672
2.459478
2.459478
2.459478
2.459478
2.459478
2.459478
2.458672
2.459478
2.459478
2.459478
2.459478
2.459478
2.460284
2.459478
2.458672
2.461895
2.460284
2.458672
2.460284
2.458672
2.460284
2.457061
2.461089
2.460284
2.461895
2.456255
2.461895
2.456255
2.461895
2.456255
2.461895
2.456255
2.463506
2.457867
2.460284
2.459478
2.461895
2.460284
2.459478
2.461089
2.457867
2.462701
2.456255
2.461089
2.457061
2.461895
2.457061
2.461089
2.457867
2.461895
2.458672
2.461089
2.460284
2.461089
2.458672
2.461089
2.458672
2.460284
2.461895
2.461089
2.459478
2.461089
2.460284
2.459478
2.460284
2.460284
2.460284
2.461089
2.460284
2.457867
2.459478
2.460284
2.459478
2.460284
2.458672
2.461895
2.459478
2.461089
2.457867
2.462701
2.458672
2.461089
2.457867
2.461895
2.457061
2.463506
2.457867
2.462701
2.458672
2.461895
2.457867
2.461089
2.460284
2.457867
2.461089
2.458672
2.462701
2.457061
2.462701
2.457867
2.462701
2.458672
2.461895
2.457061
2.461089
2.458672
2.461089
2.459478
2.461089
2.459478
2.462701
2.459478
2.460284
2.461089
2.461089
2.460284
2.460284
2.461895
2.459478
2.461089
2.461089
2.460284
2.459478
2.460284
2.460284
2.460284
2.461089
2.459478
2.461089
2.459478
2.461089
2.460284
2.463506
2.458672
2.461089
2.459478
2.462701
2.457867
2.462701
2.458672
2.463506
2.457867
2.463506
2.457867
2.461895
2.458672
2.461895
2.459478
2.461089
2.460284
2.459478
2.463506
2.458672
2.461895
2.457867
2.461089
2.457867
2.462701
2.458672
2.462701
2.459478
2.461895
2.459478
2.461895
2.458672
2.462701
2.459478
2.460284
2.460284
2.461089
2.459478
2.459478
2.461895
2.461089
2.461089
2.461089
2.460284
2.461089
2.461089
2.460284
2.460284
2.459478
2.460284
2.461895
2.459478
2.461089
2.459478
2.462701
2.457867
2.463506
2.458672
2.461895
2.458672
2.463506
2.457061
2.463506
2.459478
2.462701
2.459478
2.460284
2.460284
2.457867
2.462701
2.457867
2.462701
2.457061
2.463506
2.458672
2.463506
2.460284
2.462701
2.458672
2.461089
2.460284
2.461895
2.459478
2.461089
2.461089
2.460284
2.461089
2.460284
2.460284
2.459478
2.460284
2.460284
2.461089
2.460284
2.459478
2.461089
2.460284
2.462701
2.459478
2.461089
2.457867
2.462701
2.459478
2.463506
2.457061
2.463506
2.458672
2.464312
2.456255
2.465118
2.459478
2.462701
2.458672
2.462701
2.459478
2.461089
2.461895
2.460284
2.461895
2.458672
2.463506
2.458672
2.464312
2.458672
2.462701
2.457867
2.463506
2.458672
2.462701
2.458672
2.461089
2.457867
2.461895
2.460284
2.463506
2.457867
2.461089
2.459478
2.461895
2.458672
2.461895
2.459478
2.461895
2.460284
2.461089
2.461089
2.461089
2.461089
2.461895
2.460284
2.461895
2.461089
2.460284
2.460284
2.462701
2.461089
2.460284
2.459478
2.461089
2.461089
2.460284
2.459478
2.460284
2.461089
2.461089
2.461089
2.460284
2.460284
2.460284
2.459478
2.463506
2.458672
2.462701
2.459478
2.461089
2.458672
2.462701
2.457867
2.464312
2.457867
2.462701
2.459478
2.465118
2.458672
2.463506
2.457061
2.461895
2.461089
2.461895
2.461089
2.460284
2.461089
2.458672
2.463506
2.457867
2.463506
2.458672
2.462701
2.458672
2.463506
2.458672
2.462701
2.458672
2.461895
2.460284
2.461089
2.460284
2.461089
2.460284
2.461895
2.459478
2.461895
2.460284
2.461089
2.460284
2.461089
2.460284
2.461089
2.462701
2.459478
2.459478
2.460284
2.459478
2.460284
2.461089
2.459478
2.461089
2.461089
2.460284
2.461089
2.460284
2.459478
2.459478
2.461089
2.459478
2.461089
2.460284
2.462701
2.459478
2.461895
2.458672
2.461895
2.457867
2.461895
2.458672
2.463506
2.457867
2.463506
2.457867
2.463506
2.457061
2.462701
2.460284
2.462701
2.459478
2.460284
2.460284
2.458672
2.461895
2.457061
2.461089
2.457867
2.463506
2.457867
2.463506
2.456255
2.462701
2.457061
2.461895
2.457867
2.464312
2.458672
2.463506
2.458672
2.461895
2.459478
2.459478
2.460284
2.460284
2.458672
2.460284
2.460284
2.461089
2.460284
2.460284
2.461089
2.460284
2.460284
2.458672
2.461089
2.459478
2.461089
2.461089
2.459478
2.460284
2.460284
2.460284
2.459478
2.460284
2.458672
2.461089
2.460284
2.460284
2.459478
2.460284
2.460284
2.461089
2.457867
2.461895
2.459478
2.462701
2.457061
2.462701
2.458672
2.461089
2.456255
2.461895
2.457867
2.462701
2.457867
2.461895
2.459478
2.460284
2.460284
2.460284
2.460284
2.458672
2.461089
2.457061
2.462701
2.456255
2.461895
2.457061
2.462701
2.457061
2.461895
2.457867
2.461089
2.457061
2.461089
2.458672
2.461895
2.458672
2.460284
2.459478
2.460284
2.459478
2.459478
2.458672
2.459478
2.459478
2.458672
2.460284
2.458672
2.459478
2.459478
2.459478
2.459478
2.459478
2.459478
2.460284
2.459478
2.458672
2.459478
2.459478
2.459478
2.459478
2.460284
2.458672
2.460284
2.457061
2.461089
2.457867
2.460284
2.459478
2.461895
2.457867
2.460284
2.457867
2.461089
2.457867
2.461895
2.457061
2.461089
2.456255
2.461895
2.457061
2.461895
2.456255
2.461895
2.457061
2.462701
2.457061
2.461089
2.456255
2.462701
2.456255
2.461895
2.457061
2.461089
2.457061
2.461089
2.457867
2.460284
2.457061
2.460284
2.457867
2.459478
2.457867
2.460284
2.459478
2.460284
2.459478
2.459478
2.459478
2.458672
2.459478
2.458672
2.458672
2.458672
2.461089
2.457061
2.459478
2.457061
2.461895
2.456255
2.461895
2.457867
2.461089
2.457061
2.461895
2.453838
2.461895
2.456255
2.462701
2.456255
2.461089
2.456255
2.461089
2.457061
2.462701
2.456255
2.460284
2.456255
2.460284
2.457061
2.459478
2.456255
2.461895
2.457061
2.459478
2.456255
2.461089
2.457061
2.461089
2.456255
2.459478
2.457061
2.460284
2.456255
2.458672
2.457061
2.459478
2.457061
2.459478
2.457061
2.458672
2.458672
2.460284
2.457061
2.459478
2.457867
2.457867
2.457061
2.457867
2.457061
2.458672
2.457867
2.458672
2.459478
2.459478
2.457061
2.459478
2.457867
2.458672
2.457061
2.459478
2.457867
2.457867
2.456255
2.458672
2.457867
2.458672
2.457061
2.458672
2.457061
2.458672
2.457061
2.456255
2.457061
2.458672
2.456255
2.458672
2.456255
2.459478
2.456255
2.458672
2.457061
2.458672
2.456255
2.457061
2.457061
2.457867
2.457061
2.458672
2.457867
2.457061
2.456255
2.459478
2.457061
2.457867
2.457061
2.457867
2.457061
2.456255
2.456255
2.457867
2.457061
2.457867
2.457061
2.458672
2.457061
2.457061
2.457061
2.456255
2.457867
2.457867
2.457867
2.457061
2.456255
2.458672
2.457061
2.457867
2.456255
2.456255
2.456255
2.457061
2.457061
2.456255
2.456255
2.456255
2.457061
2.456255
2.457061
2.456255
2.457061
2.456255
2.457061
2.457061
2.456255
2.457061
2.45545
2.456255
2.457867
2.456255
2.456255
2.457061
2.457867
2.457061
2.456255
2.456255
2.456255
2.457867
2.456255
2.456255
2.456255
2.456255
2.456255
2.456255
2.456255
2.457061
2.456255
2.45545
2.456255
2.457867
2.456255
2.457061
2.456255
2.457061
2.45545
2.45545
2.454644
2.457867
2.45545
2.457867
2.454644
2.457867
2.454644
2.457061
2.456255
2.457867
2.454644
2.457061
2.453838
2.457061
2.454644
2.457867
2.453838
2.459478
2.454644
2.456255
2.454644
2.457061
2.453838
2.458672
2.453033
2.457867
2.453838
2.457867
2.453033
2.457061
2.453033
2.457867
2.452227
2.458672
2.453033
2.458672
2.453033
2.457867
2.453033
2.458672
2.453033
2.457867
2.453033
2.457867
2.453033
2.457867
2.453033
2.456255
2.452227
2.45545
2.453838
2.45545
2.456255
2.454644
2.454644
2.452227
2.454644
2.453838
2.457061
2.451421
2.457867
2.451421
2.458672
2.452227
2.457061
2.452227
2.457867
2.450616
2.457061
2.453033
2.457061
2.453838
2.457061
2.452227
2.456255
2.453033
2.453838
2.454644
2.456255
2.453033
2.454644
2.453033
2.45545
2.454644
2.45545
2.453033
2.45545
2.453033
2.454644
2.45545
2.454644
2.453033
2.453033
2.454644
2.454644
2.453838
2.453838
2.453838
2.453838
2.453033
2.453838
2.452227
2.453838
2.453838
2.454644
2.453838
2.453838
2.451421
2.453033
2.456255
2.453838
2.453838
2.453033
2.453838
2.453033
2.453838
2.453033
2.452227
2.453033
2.453838
2.454644
2.451421
2.454644
2.452227
2.453033
2.453033
2.454644
2.451421
2.453838
2.450616
2.454644
2.451421
2.454644
2.450616
2.454644
2.44981
2.456255
2.450616
2.456255
2.44981
2.45545
2.451421
2.454644
2.450616
2.453838
2.451421
2.452227
2.451421
2.453838
2.453838
2.451421
2.453838
2.451421
2.454644
2.450616
2.453838
2.450616
2.45545
2.450616
2.454644
2.44981
2.454644
2.449004
2.453033
2.450616
2.453838
2.450616
2.453033
2.450616
2.453033
2.450616
2.453033
2.452227
2.451421
2.450616
2.453033
2.452227
2.451421
2.452227
2.452227
2.452227
2.451421
2.452227
2.451421
2.451421
2.450616
2.451421
2.450616
2.451421
2.451421
2.451421
2.450616
2.452227
2.451421
2.451421
2.450616
2.44981
2.450616
2.451421
2.451421
2.450616
2.452227
2.450616
2.452227
2.450616
2.454644
2.44981
2.453838
2.449004
2.452227
2.44981
2.453033
2.44981
2.453033
2.44981
2.452227
2.449004
2.453033
2.44981
2.453838
2.448199
2.453033
2.44981
2.453838
2.448199
2.454644
2.448199
2.452227
2.447393
2.453033
2.448199
2.452227
2.447393
2.452227
2.448199
2.453033
2.449004
2.453838
2.448199
2.451421
2.448199
2.451421
2.44981
2.450616
2.44981
2.450616
2.44981
2.449004
2.452227
2.44981
2.451421
2.448199
2.452227
2.447393
2.453838
2.446587
2.453033
2.447393
2.453838
2.447393
2.452227
2.446587
2.453838
2.448199
2.452227
2.449004
2.451421
2.447393
2.450616
2.448199
2.451421
2.448199
2.451421
2.448199
2.450616
2.448199
2.451421
2.44981
2.450616
2.449004
2.451421
2.44981
2.44981
2.448199
2.449004
2.449004
2.449004
2.44981
2.44981
2.449004
2.449004
2.449004
2.449004
2.449004
2.44981
2.449004
2.448199
2.44981
2.449004
2.449004
2.448199
2.449004
2.448199
2.448199
2.448199
2.449004
2.448199
2.448199
2.448199
2.448199
2.449004
2.449004
2.448199
2.448199
2.44981
2.448199
2.44981
2.448199
2.447393
2.448199
2.448199
2.447393
2.448199
2.447393
2.447393
2.448199
2.448199
2.448199
2.448199
2.448199
2.448199
2.448199
2.448199
2.448199
2.448199
2.448199
2.449004
2.447393
2.44981
2.448199
2.447393
2.448199
2.449004
2.449004
2.446587
2.447393
2.447393
2.447393
2.448199
2.446587
2.448199
2.446587
2.446587
2.446587
2.447393
2.446587
2.448199
2.445781
2.446587
2.447393
2.446587
2.446587
2.444976
2.449004
2.447393
2.445781
2.448199
2.447393
2.447393
2.446587
2.446587
2.446587
2.447393
2.446587
2.447393
2.445781
2.448199
2.446587
2.446587
2.446587
2.446587
2.445781
2.444976
2.445781
2.446587
2.446587
2.446587
2.446587
2.445781
2.442559
2.445781
2.444976
2.446587
2.44417
2.446587
2.446587
2.445781
2.445781
2.445781
2.444976
2.445781
2.445781
2.445781
2.445781
2.444976
2.44417
2.445781
2.445781
2.445781
2.444976
2.445781
2.44417
2.446587
2.444976
2.446587
2.444976
2.445781
2.44417
2.446587
2.44417
2.445781
2.443365
2.447393
2.443365
2.445781
2.44417
2.448199
2.44417
2.445781
2.443365
2.446587
2.442559
2.445781
2.441753
2.447393
2.44417
2.447393
2.442559
2.445781
2.441753
2.444976
2.443365
2.446587
2.441753
2.445781
2.442559
2.445781
2.441753
2.446587
2.442559
2.445781
2.442559
2.445781
2.441753
2.446587
2.443365
2.446587
2.441753
2.444976
2.441753
2.444976
2.440142
2.445781
2.441753
2.446587
2.441753
2.447393
2.441753
2.446587
2.440948
2.446587
2.441753
2.445781
2.440948
2.447393
2.440142
2.448199
2.440142
2.446587
2.437725
2.446587
2.440142
2.445781
2.439336
2.445781
2.439336
2.446587
2.440142
2.446587
2.439336
2.445781
2.439336
2.442559
2.440142
2.445781
2.440948
2.44417
2.440948
2.443365
2.440948
2.44417
2.439336
2.443365
2.441753
2.442559
2.442559
2.441753
2.442559
2.441753
2.441753
2.441753
2.442559
2.441753
2.44417
2.440948
2.442559
2.440948
2.441753
2.440948
2.443365
2.43853
2.442559
2.440142
2.444976
2.43853
2.44417
2.439336
2.44417
2.43853
2.444976
2.439336
2.44417
2.437725
2.44417
2.43853
2.443365
2.43853
2.446587
2.436919
2.442559
2.43853
2.443365
2.437725
2.44417
2.43853
2.44417
2.439336
2.443365
2.43853
2.443365
2.43853
2.442559
2.440142
2.442559
2.439336
2.443365
2.43853
2.443365
2.437725
2.442559
2.437725
2.441753
2.436919
2.441753
2.437725
2.442559
2.437725
2.440948
2.436113
2.442559
2.437725
2.442559
2.436919
2.441753
2.437725
2.440142
2.436919
2.441753
2.43853
2.441753
2.437725
2.441753
2.437725
2.440948
2.436919
2.440142
2.43853
2.440142
2.43853
2.439336
2.440142
2.440142
2.437725
2.440142
2.437725
2.439336
2.437725
2.440142
2.437725
2.437725
2.43853
2.439336
2.43853
2.439336
2.43853
2.437725
2.43853
2.43853
2.43853
2.437725
2.43853
2.437725
2.43853
2.437725
2.439336
2.43853
2.43853
2.439336
2.43853
2.437725
2.437725
2.437725
2.437725
2.437725
2.437725
2.43853
2.436919
2.437725
2.437725
2.436919
2.437725
2.437725
2.436919
2.43853
2.436919
2.439336
2.434502
2.440948
2.435308
2.43853
2.433697
2.439336
2.435308
2.439336
2.432891
2.43853
2.436113
2.440142
2.433697
2.43853
2.433697
2.440142
2.434502
2.440142
2.433697
2.439336
2.434502
2.439336
2.433697
2.43853
2.434502
2.437725
2.436113
2.436113
2.436113
2.436919
2.436919
2.433697
2.436919
2.436113
2.436919
2.434502
2.43853
2.432891
2.43853
2.432085
2.439336
2.432891
2.43853
2.433697
2.43853
2.433697
2.440142
2.433697
2.437725
2.434502
2.436919
2.432891
2.437725
2.433697
2.436919
2.433697
2.436919
2.433697
2.436919
2.432891
2.436919
2.433697
2.436113
2.433697
2.436113
2.434502
2.435308
2.435308
2.434502
2.433697
2.434502
2.433697
2.435308
2.434502
2.434502
2.434502
2.433697
2.436113
2.436919
2.433697
2.435308
2.434502
2.435308
2.433697
2.432891
2.434502
2.434502
2.432085
2.434502
2.433697
2.433697
2.433697
2.434502
2.433697
2.434502
2.432891
2.434502
2.432891
2.433697
2.433697
2.433697
2.433697
2.433697
2.432891
2.433697
2.432891
2.432891
2.432891
2.433697
2.432891
2.433697
2.432891
2.432891
2.432891
2.433697
2.432891
2.432891
2.432891
2.433697
2.431279
2.432085
2.432891
2.433697
2.432085
2.432085
2.432085
2.433697
2.432085
2.432891
2.431279
2.432891
2.432085
2.433697
2.429668
2.434502
2.429668
2.434502
2.430474
2.432891
2.430474
2.433697
2.431279
2.432891
2.432085
2.432891
2.429668
2.433697
2.428057
2.433697
2.428862
2.432891
2.429668
2.433697
2.428862
2.434502
2.429668
2.432891
2.428862
2.432891
2.428057
2.432891
2.428057
2.432891
2.428862
2.433697
2.428057
2.433697
2.427251
2.433697
2.427251
2.434502
2.428057
2.432085
2.427251
2.434502
2.428057
2.432085
2.428057
2.432891
2.428057
2.432085
2.430474
2.431279
2.428862
2.431279
2.428862
2.429668
2.429668
2.429668
2.430474
2.428862
2.430474
2.428057
2.432085
2.428057
2.432085
2.427251
2.431279
2.426445
2.432085
2.426445
2.432085
2.426445
2.432085
2.42564
2.432085
2.42564
2.431279
2.42564
2.430474
2.426445
2.431279
2.427251
2.431279
2.428057
2.429668
2.428057
2.429668
2.427251
2.431279
2.427251
2.430474
2.426445
2.428862
2.427251
2.429668
2.427251
2.428862
2.426445
2.429668
2.428057
2.428862
2.427251
2.427251
2.42564
2.428057
2.427251
2.428862
2.426445
2.428862
2.427251
2.427251
2.428057
2.427251
2.427251
2.426445
2.428057
2.427251
2.426445
2.427251
2.426445
2.427251
2.428057
2.428057
2.426445
2.426445
2.426445
2.426445
2.427251
2.427251
2.426445
2.426445
2.426445
2.428862
2.42564
2.427251
2.426445
2.426445
2.426445
2.427251
2.426445
2.426445
2.426445
2.42564
2.42564
2.426445
2.424834
2.427251
2.424834
2.42564
2.423223
2.42564
2.424834
2.428057
2.423223
2.430474
2.424834
2.428057
2.424028
2.426445
2.423223
2.427251
2.423223
2.426445
2.420806
2.427251
2.422417
2.427251
2.422417
2.428862
2.422417
2.428057
2.422417
2.426445
2.422417
2.426445
2.424028
2.42564
2.424028
2.424834
2.42564
2.423223
2.424834
2.420806
2.42564
2.421611
2.427251
2.421611
2.428057
2.420806
2.42564
2.42
2.426445
2.420806
2.424834
2.422417
2.424028
2.420806
2.42564
2.421611
2.424028
2.421611
2.424028
2.423223
2.424028
2.422417
2.423223
2.422417
2.423223
2.422417
2.423223
2.422417
2.423223
2.423223
2.423223
2.423223
2.422417
2.423223
2.422417
2.421611
2.422417
2.421611
2.421611
2.420806
2.422417
2.420806
2.421611
2.420806
2.423223
2.421611
2.421611
2.420806
2.422417
2.420806
2.423223
2.42
2.423223
2.420806
2.423223
2.419194
2.423223
2.420806
2.423223
2.419194
2.422417
2.417583
2.423223
2.419194
2.424028
2.417583
2.424028
2.417583
2.424028
2.416777
2.422417
2.418389
2.421611
2.42
2.421611
2.420806
2.421611
2.420806
2.419194
2.420806
2.42
2.422417
2.418389
2.421611
2.417583
2.422417
2.417583
2.421611
2.417583
2.423223
2.415972
2.422417
2.416777
2.421611
2.417583
2.421611
2.419194
2.423223
2.418389
2.421611
2.417583
2.42
2.417583
2.421611
2.415972
2.421611
2.418389
2.420806
2.415972
2.420806
2.417583
2.42
2.416777
2.419194
2.418389
2.419194
2.417583
2.419194
2.417583
2.418389
2.417583
2.418389
2.418389
2.417583
2.418389
2.418389
2.418389
2.417583
2.417583
2.418389
2.417583
2.418389
2.416777
2.417583
2.418389
2.42
2.416777
2.415972
2.416777
2.419194
2.417583
2.417583
2.417583
2.417583
2.415972
2.415972
2.415972
2.417583
2.415972
2.415972
2.415972
2.417583
2.41436
2.419194
2.415166
2.417583
2.415166
2.417583
2.41436
2.418389
2.413554
2.418389
2.41436
2.418389
2.413554
2.417583
2.412749
2.419194
2.412749
2.418389
2.411943
2.418389
2.411943
2.419194
2.412749
2.418389
2.411943
2.418389
2.412749
2.417583
2.411943
2.418389
2.413554
2.416777
2.41436
2.413554
2.415166
2.41436
2.41436
2.413554
2.415166
2.413554
2.416777
2.411943
2.415972
2.411138
2.418389
2.410332
2.415972
2.411943
2.415972
2.411138
2.416777
2.410332
2.416777
2.411138
2.415166
2.411138
2.415972
2.411138
2.415166
2.411943
2.41436
2.411943
2.415972
2.412749
2.41436
2.412749
2.41436
2.411943
2.411943
2.411138
2.411943
2.411943
2.413554
2.411943
2.411943
2.412749
2.411943
2.411943
2.413554
2.412749
2.411943
2.411138
2.411943
2.411138
2.411943
2.412749
2.411943
2.411138
2.411138
2.411138
2.411138
2.411943
2.411138
2.411138
2.411943
2.411138
2.410332
2.411138
2.411138
2.409526
2.411138
2.411138
2.411138
2.410332
2.411138
2.409526
2.411943
2.410332
2.411138
2.410332
2.411943
2.410332
2.411138
2.40872
2.411138
2.407915
2.411943
2.407109
2.411138
2.40872
2.411943
2.407915
2.411943
2.407109
2.412749
2.406303
2.412749
2.404692
2.412749
2.406303
2.411943
2.406303
2.411138
2.406303
2.411138
2.407915
2.409526
2.40872
2.40872
2.409526
2.407915
2.411138
2.407109
2.411943
2.406303
2.411943
2.405498
2.410332
2.403886
2.411138
2.406303
2.411138
2.406303
2.411138
2.407109
2.411138
2.405498
2.40872
2.406303
2.409526
2.407109
2.40872
2.407109
2.411138
2.407109
2.409526
2.407109
2.407915
2.404692
2.407915
2.407109
2.407915
2.407915
2.407915
2.407915
2.407109
2.407109
2.407109
2.406303
2.405498
2.406303
2.407109
2.407109
2.406303
2.406303
2.407109
2.406303
2.405498
2.406303
2.407109
2.406303
2.406303
2.407109
2.406303
2.406303
2.407915
2.405498
2.405498
2.406303
2.406303
2.404692
2.406303
2.404692
2.405498
2.404692
2.407109
2.404692
2.406303
2.403886
2.407109
2.403081
2.406303
2.403081
2.406303
2.403081
2.407109
2.402275
2.407109
2.401469
2.406303
2.402275
2.407915
2.402275
2.405498
2.400664
2.406303
2.400664
2.406303
2.401469
2.406303
2.400664
2.405498
2.401469
2.404692
2.399858
2.405498
2.400664
2.405498
2.403081
2.404692
2.402275
2.403886
2.402275
2.404692
2.404692
2.401469
2.402275
2.401469
2.403081
2.400664
2.405498
2.401469
2.404692
2.400664
2.405498
2.399052
2.404692
2.399858
2.405498
2.399052
2.405498
2.399858
2.403886
2.399052
2.404692
2.399858
2.403886
2.399052
2.404692
2.400664
2.403886
2.400664
2.402275
2.400664
2.402275
2.400664
2.402275
2.400664
2.401469
2.400664
2.400664
2.400664
2.399858
2.401469
2.399052
2.400664
2.399858
2.399858
2.399858
2.399052
2.398247
2.399858
2.399858
2.399858
2.399858
2.399052
2.399858
2.401469
2.398247
2.398247
2.398247
2.399052
2.399858
2.399052
2.399858
2.396635
2.399052
2.398247
2.399858
2.397441
2.401469
2.399052
2.401469
2.396635
2.399858
2.396635
2.400664
2.39583
2.401469
2.394218
2.401469
2.395024
2.400664
2.395024
2.402275
2.394218
2.399858
2.39583
2.399858
2.396635
2.400664
2.39583
2.401469
2.39583
2.399858
2.39583
2.398247
2.397441
2.398247
2.396635
2.397441
2.397441
2.397441
2.396635
2.396635
2.397441
2.396635
2.398247
2.395024
2.397441
2.395024
2.397441
2.394218
2.399052
2.393413
2.398247
2.39583
2.397441
2.395024
2.398247
2.393413
2.398247
2.394218
2.398247
2.393413
2.398247
2.392607
2.396635
2.393413
2.396635
2.391801
2.398247
2.392607
2.397441
2.392607
2.397441
2.393413
2.398247
2.392607
2.398247
2.391801
2.398247
2.391801
2.397441
2.391801
2.396635
2.391801
2.397441
2.39019
2.396635
2.39019
2.396635
2.391801
2.396635
2.390996
2.396635
2.39019
2.396635
2.391801
2.396635
2.390996
2.395024
2.39019
2.395024
2.390996
2.395024
2.39019
2.395024
2.39019
2.394218
2.388579
2.395024
2.391801
2.393413
2.391801
2.393413
2.390996
2.392607
2.390996
2.390996
2.391801
2.391801
2.391801
2.392607
2.392607
2.392607
2.390996
2.389384
2.392607
2.391801
2.390996
2.39019
2.391801
2.391801
2.390996
2.39019
2.390996
2.39019
2.39019
2.390996
2.39019
2.389384
2.390996
2.388579
2.39019
2.39019
2.39019
2.39019
2.388579
2.389384
2.389384
2.389384
2.389384
2.39019
2.387773
2.39019
2.387773
2.39019
2.387773
2.389384
2.387773
2.39019
2.387773
2.389384
2.387773
2.390996
2.386162
2.390996
2.386967
2.390996
2.386162
2.388579
2.385356
2.392607
2.38455
2.39019
2.386162
2.389384
2.385356
2.39019
2.385356
2.389384
2.38455
2.39019
2.385356
2.389384
2.383744
2.39019
2.383744
2.388579
2.38455
2.389384
2.383744
2.389384
2.383744
2.388579
2.383744
2.39019
2.383744
2.39019
2.383744
2.387773
2.383744
2.388579
2.38455
2.388579
2.38455
2.386162
2.38455
2.385356
2.386162
2.385356
2.386967
2.38455
2.386967
2.383744
2.387773
2.382939
2.387773
2.382133
2.387773
2.381327
2.386967
2.381327
2.386967
2.380522
2.387773
2.381327
2.387773
2.382133
2.387773
2.382133
2.386967
2.381327
2.38455
2.382133
2.385356
2.382133
2.38455
2.382133
2.38455
2.381327
2.383744
2.381327
2.38455
2.381327
2.385356
2.382133
2.382939
2.382133
2.382939
2.381327
2.382939
2.382133
2.382133
2.382133
2.382939
2.381327
2.382939
2.381327
2.381327
2.381327
2.382133
2.382133
2.381327
2.382133
2.382133
2.382133
2.381327
2.380522
2.381327
2.381327
2.382133
2.382133
2.380522
2.381327
2.380522
2.381327
2.381327
2.377299
2.380522
2.380522
2.381327
2.381327
2.380522
2.380522
2.382133
2.381327
2.381327
2.379716
2.381327
2.378911
2.382133
2.378105
2.382133
2.377299
2.380522
2.378105
2.382133
2.376493
2.382939
2.375688
2.382939
2.376493
2.382133
2.376493
2.381327
2.377299
2.380522
2.378105
2.381327
2.377299
2.378105
2.379716
2.374882
2.380522
2.375688
2.381327
2.375688
2.380522
2.373271
2.379716
2.374076
2.380522
2.374882
2.380522
2.375688
2.379716
2.376493
2.379716
2.374882
2.378911
2.375688
2.376493
2.375688
2.376493
2.376493
2.377299
2.377299
2.376493
2.375688
2.376493
2.374882
2.376493
2.376493
2.375688
2.375688
2.375688
2.374076
2.376493
2.375688
2.375688
2.375688
2.375688
2.374882
2.375688
2.376493
2.374882
2.374076
2.374882
2.374076
2.375688
2.374076
2.374882
2.374882
2.374882
2.373271
2.375688
2.373271
2.375688
2.373271
2.374076
2.373271
2.375688
2.371659
2.374076
2.370854
2.374882
2.370854
2.375688
2.370854
2.374882
2.370048
2.374882
2.370854
2.374076
2.369242
2.374882
2.369242
2.375688
2.369242
2.376493
2.369242
2.374076
2.368437
2.374882
2.368437
2.373271
2.370048
2.374076
2.370854
2.373271
2.369242
2.370854
2.369242
2.370048
2.372465
2.370854
2.371659
2.366825
2.373271
2.367631
2.374882
2.367631
2.370854
2.366825
2.373271
2.366825
2.373271
2.367631
2.372465
2.369242
2.372465
2.365214
2.372465
2.367631
2.372465
2.367631
2.370854
2.367631
2.370048
2.368437
2.369242
2.367631
2.369242
2.369242
2.370048
2.367631
2.368437
2.368437
2.368437
2.368437
2.367631
2.366825
2.368437
2.367631
2.368437
2.367631
2.367631
2.366825
2.367631
2.36602
2.367631
2.367631
2.366825
2.366825
2.366825
2.36602
2.367631
2.367631
2.36602
2.36602
2.366825
2.366825
2.367631
2.36602
2.366825
2.365214
2.367631
2.365214
2.366825
2.363603
2.367631
2.364408
2.367631
2.362797
2.366825
2.363603
2.366825
2.362797
2.366825
2.361991
2.367631
2.362797
2.366825
2.362797
2.36602
2.361186
2.368437
2.361186
2.367631
2.359574
2.367631
2.361186
2.367631
2.361186
2.366825
2.361991
2.36602
2.361991
2.365214
2.361186
2.364408
2.361186
2.364408
2.361186
2.364408
2.362797
2.362797
2.361186
2.361991
2.361991
2.362797
2.361991
2.361991
2.363603
2.361186
2.362797
2.361186
2.362797
2.359574
2.363603
2.359574
2.362797
2.358768
2.363603
2.358768
2.363603
2.357157
2.361991
2.358768
2.364408
2.357963
2.363603
2.357963
2.363603
2.357157
2.362797
2.357963
2.363603
2.357157
2.361991
2.357157
2.362797
2.357963
2.361991
2.357963
2.361186
2.357963
2.362797
2.357157
2.36038
2.357157
2.36038
2.357157
2.361186
2.357157
2.36038
2.357963
2.36038
2.357963
2.359574
2.357157
2.357963
2.357963
2.358768
2.358768
2.357963
2.357157
2.357963
2.357963
2.357157
2.357963
2.357157
2.357963
2.357963
2.357157
2.357963
2.357157
2.357157
2.356352
2.357157
2.355546
2.357963
2.355546
2.357157
2.353935
2.357963
2.353935
2.36038
2.353935
2.357963
2.355546
2.358768
2.353935
2.358768
2.352323
2.358768
2.353129
2.357963
2.35474
2.356352
2.353935
2.355546
2.35474
2.35474
2.35474
2.353129
2.356352
2.351517
2.357157
2.349906
2.357157
2.350712
2.356352
2.351517
2.357963
2.351517
2.35474
2.349906
2.356352
2.351517
2.35474
2.351517
2.35474
2.350712
2.353129
2.352323
2.352323
2.350712
2.353935
2.351517
2.351517
2.352323
2.353935
2.353129
2.352323
2.352323
2.3491
2.352323
2.350712
2.351517
2.351517
2.350712
2.351517
2.350712
2.350712
2.350712
2.350712
2.350712
2.351517
2.350712
2.3491
2.350712
2.350712
2.350712
2.350712
2.350712
2.350712
2.349906
2.349906
2.349906
2.3491
2.3491
2.350712
2.349906
2.349906
2.3491
2.3491
2.3491
2.3491
2.3491
2.3491
2.347489
2.3491
2.348295
2.348295
2.347489
2.349906
2.3491
2.3491
2.348295
2.349906
2.346684
2.347489
2.346684
2.3491
2.346684
2.3491
2.344266
2.3491
2.345878
2.3491
2.345072
2.348295
2.344266
2.348295
2.343461
2.350712
2.344266
2.3491
2.343461
2.348295
2.343461
2.349906
2.341849
2.3491
2.341849
2.348295
2.342655
2.347489
2.343461
2.348295
2.343461
2.346684
2.343461
2.345878
2.344266
2.345072
2.344266
2.344266
2.345072
2.343461
2.345878
2.343461
2.346684
2.343461
2.346684
2.340238
2.345072
2.341044
2.345072
2.340238
2.346684
2.340238
2.345072
2.341849
2.345878
2.339432
2.345072
2.338627
2.345072
2.341849
2.344266
2.340238
2.344266
2.339432
2.343461
2.340238
2.343461
2.340238
2.342655
2.340238
2.342655
2.341849
2.341849
2.340238
2.340238
2.341849
2.341044
2.341044
2.340238
2.340238
2.341044
2.339432
2.341849
2.340238
2.340238
2.339432
2.339432
2.340238
2.338627
2.338627
2.340238
2.337821
2.338627
2.338627
2.338627
2.338627
2.338627
2.338627
2.338627
2.338627
2.338627
2.337821
2.338627
2.337821
2.340238
2.337015
2.337821
2.337015
2.337821
2.335404
2.338627
2.33621
2.338627
2.33621
2.337821
2.335404
2.337821
2.33621
2.337821
2.334598
2.337821
2.333792
2.338627
2.333792
2.337821
2.333792
2.337821
2.331376
2.337821
2.333792
2.338627
2.332987
2.337821
2.333792
2.337821
2.332181
2.337821
2.331376
2.337821
2.33057
2.337015
2.331376
2.337821
2.33057
2.337821
2.331376
2.337015
2.33057
2.337821
2.33057
2.337821
2.33057
2.33621
2.328959
2.33621
2.33057
2.335404
2.329764
2.335404
2.328959
2.33621
2.328959
2.335404
2.33057
2.335404
2.329764
2.334598
2.329764
2.332987
2.33057
2.333792
2.328153
2.333792
2.328153
2.333792
2.328153
2.332987
2.328153
2.332987
2.328153
2.333792
2.328959
2.333792
2.328153
2.331376
2.328153
2.332987
2.328153
2.331376
2.326541
2.331376
2.329764
2.331376
2.326541
2.33057
2.326541
2.33057
2.326541
2.329764
2.327347
2.331376
2.327347
2.329764
2.325736
2.33057
2.326541
2.328153
2.32493
2.33057
2.32493
2.328959
2.32493
2.328153
2.325736
2.328959
2.324124
2.328153
2.325736
2.328153
2.325736
2.327347
2.32493
2.327347
2.32493
2.325736
2.324124
2.325736
2.32493
2.32493
2.32493
2.32493
2.32493
2.32493
2.32493
2.324124
2.32493
2.324124
2.32493
2.324124
2.325736
2.322513
2.324124
2.322513
2.324124
2.321707
2.326541
2.322513
2.325736
2.321707
2.32493
2.320902
2.325736
2.320902
2.325736
2.320096
2.32493
2.31929
2.325736
2.31929
2.324124
2.318485
2.325736
2.31929
2.324124
2.318485
2.323319
2.318485
2.324124
2.317679
2.324124
2.318485
2.324124
2.316873
2.324124
2.317679
2.322513
2.317679
2.322513
2.31929
2.322513
2.317679
2.322513
2.317679
2.322513
2.318485
2.320902
2.316873
2.320902
2.317679
2.320902
2.316873
2.320096
2.317679
2.31929
2.316873
2.320902
2.316068
2.318485
2.31929
2.31929
2.316873
2.318485
2.316068
2.317679
2.317679
2.317679
2.317679
2.316068
2.318485
2.318485
2.316873
2.316873
2.316068
2.316068
2.315262
2.316873
2.316873
2.316068
2.316068
2.316068
2.314456
2.314456
2.315262
2.315262
2.315262
2.316068
2.315262
2.315262
2.314456
2.314456
2.314456
2.313651
2.313651
2.314456
2.313651
2.313651
2.312845
2.314456
2.312845
2.315262
2.315262
2.313651
2.312845
2.312845
2.312845
2.312845
2.309622
2.312845
2.310428
2.312845
2.312039
2.312845
2.311234
2.312039
2.310428
2.312845
2.310428
2.312845
2.308817
2.313651
2.308817
2.313651
2.308817
2.313651
2.309622
2.313651
2.308817
2.312039
2.308011
2.312845
2.307205
2.311234
2.307205
2.311234
2.305594
2.312039
2.3064
2.312039
2.3064
2.312039
2.304788
2.312039
2.305594
2.312039
2.303982
2.312845
2.303982
2.311234
2.303177
2.311234
2.305594
2.311234
2.304788
2.310428
2.303982
2.308817
2.303177
2.308011
2.303177
2.308817
2.305594
2.309622
2.304788
2.309622
2.303982
2.308011
2.303982
2.305594
2.303982
2.307205
2.303982
2.305594
2.303177
2.305594
2.303982
2.304788
2.303177
2.304788
2.304788
2.305594
2.304788
2.303177
2.304788
2.303177
2.304788
2.301565
2.3064
2.30076
2.304788
2.299954
2.304788
2.299954
2.3064
2.299954
2.303982
2.299149
2.305594
2.298343
2.303982
2.299149
2.303982
2.298343
2.303982
2.299149
2.303982
2.298343
2.303177
2.298343
2.301565
2.299149
2.302371
2.299149
2.301565
2.299149
2.301565
2.299149
2.299954
2.298343
2.299954
2.299149
2.298343
2.299149
2.299149
2.298343
2.299149
2.298343
2.299149
2.298343
2.298343
2.297537
2.298343
2.299149
2.298343
2.297537
2.297537
2.295926
2.298343
2.296731
2.296731
2.296731
2.297537
2.295926
2.296731
2.29512
2.298343
2.292703
2.296731
2.293509
2.297537
2.293509
2.298343
2.293509
2.297537
2.293509
2.297537
2.292703
2.297537
2.291897
2.297537
2.290286
2.297537
2.291897
2.296731
2.291092
2.29512
2.291897
2.295926
2.292703
2.295926
2.291897
2.29512
2.291092
2.293509
2.291897
2.291897
2.292703
2.291897
2.291897
2.290286
2.293509
2.28948
2.294314
2.28948
2.294314
2.28948
2.294314
2.28948
2.293509
2.288675
2.292703
2.287063
2.293509
2.287063
2.293509
2.287063
2.291092
2.286258
2.291897
2.286258
2.291897
2.286258
2.291897
2.286258
2.291092
2.286258
2.291092
2.286258
2.290286
2.285452
2.291092
2.285452
2.28948
2.284646
2.28948
2.283841
2.28948
2.284646
2.288675
2.285452
2.288675
2.284646
2.288675
2.285452
2.28948
2.283841
2.287869
2.283035
2.288675
2.284646
2.288675
2.283035
2.287063
2.283035
2.286258
2.284646
2.287063
2.283035
2.286258
2.282229
2.286258
2.280618
2.284646
2.282229
2.285452
2.282229
2.287063
2.283035
2.285452
2.282229
2.283841
2.281424
2.283841
2.280618
2.283035
2.281424
2.283035
2.280618
2.283035
2.280618
2.282229
2.279812
2.283035
2.279812
2.282229
2.280618
2.282229
2.280618
2.282229
2.280618
2.280618
2.279006
2.279812
2.279812
2.280618
2.279006
2.279812
2.279006
2.279812
2.279006
2.279812
2.279812
2.278201
2.277395
2.279006
2.279006
2.279006
2.279812
2.279006
2.278201
2.279006
2.277395
2.277395
2.277395
2.277395
2.27659
2.278201
2.277395
2.27659
2.275784
2.275784
2.274173
2.27659
2.275784
2.27659
2.274978
2.275784
2.275784
2.274978
2.274978
2.275784
2.274173
2.274978
2.273367
2.274978
2.273367
2.274173
2.274978
2.274978
2.273367
2.274173
2.273367
2.273367
2.271755
2.274173
2.27095
2.272561
2.272561
2.273367
2.271755
2.273367
2.271755
2.273367
2.27095
2.273367
2.270144
2.272561
2.269338
2.272561
2.269338
2.271755
2.269338
2.273367
2.269338
2.271755
2.269338
2.272561
2.268482
2.271755
2.266871
2.271755
2.267677
2.272561
2.267677
2.27095
2.267677
2.269338
2.266871
2.27095
2.266871
2.270144
2.266871
2.269338
2.267677
2.270144
2.266871
2.268482
2.266065
2.270144
2.266065
2.268482
2.266065
2.269338
2.26526
2.269338
2.266065
2.268482
2.26526
2.268482
2.266065
2.268482
2.264454
2.267677
2.264454
2.267677
2.263648
2.266065
2.263648
2.267677
2.262843
2.267677
2.263648
2.266065
2.262037
2.266871
2.262037
2.266871
2.261231
2.266065
2.262037
2.26526
2.261231
2.26526
2.262843
2.264454
2.260426
2.26526
2.262037
2.264454
2.260426
2.26526
2.260426
2.26526
2.25962
2.263648
2.258814
2.263648
2.258814
2.262843
2.258009
2.262843
2.258009
2.262843
2.258009
2.263648
2.257203
2.263648
2.256397
2.262037
2.256397
2.262843
2.256397
2.262037
2.256397
2.262843
2.254786
2.261231
2.25398
2.261231
2.254786
2.261231
2.254786
2.260426
2.254786
2.25962
2.257203
2.258814
2.254786
2.258814
2.257203
2.257203
2.257203
2.257203
2.257203
2.253175
2.258009
2.253175
2.257203
2.251563
2.258009
2.252369
2.25962
2.252369
2.256397
2.253175
2.256397
2.251563
2.255592
2.252369
2.255592
2.251563
2.255592
2.252369
2.253175
2.252369
2.254786
2.252369
2.253175
2.252369
2.251563
2.250757
2.253175
2.250757
2.251563
2.250757
2.249952
2.251563
2.249952
2.251563
2.249952
2.249952
2.249952
2.250757
2.249952
2.249952
2.249146
2.249146
2.250757
2.248341
2.249146
2.249146
2.248341
2.246729
2.249952
2.246729
2.249952
2.245118
2.249952
2.245924
2.249952
2.244312
2.249952
2.244312
2.249146
2.243506
2.249952
2.242701
2.248341
2.243506
2.247535
2.243506
2.246729
2.244312
2.245924
2.245924
2.243506
2.246729
2.243506
2.246729
2.241895
2.246729
2.242701
2.246729
2.240284
2.245924
2.239478
2.245924
2.240284
2.245118
2.239478
2.244312
2.240284
2.242701
2.241089
2.243506
2.240284
2.244312
2.240284
2.242701
2.240284
2.241895
2.240284
2.241089
2.240284
2.241089
2.240284
2.239478
2.239478
2.240284
2.238672
2.237867
2.239478
2.240284
2.237867
2.238672
2.239478
2.237867
2.237867
2.237867
2.237867
2.238672
2.237061
2.237867
2.236255
2.237867
2.236255
2.238672
2.23545
2.237867
2.233838
2.238672
2.233838
2.237867
2.233033
2.237867
2.232227
2.238672
2.233033
2.237867
2.231421
2.236255
2.232227
2.237061
2.231421
2.233838
2.232227
2.233838
2.233838
2.230616
2.233033
2.230616
2.234644
2.229004
2.234644
2.227393
2.234644
2.228199
2.237061
2.22981
2.233838
2.22981
2.233033
2.230616
2.232227
2.22981
2.231421
2.229004
2.232227
2.229004
2.22981
2.229004
2.229004
2.228199
2.228199
2.228199
2.231421
2.228199
2.22981
2.229004
2.226587
2.226587
2.227393
2.227393
2.227393
2.226587
2.228199
2.224976
2.229004
2.223365
2.229004
2.223365
2.228199
2.223365
2.228199
2.223365
2.226587
2.22417
2.224976
2.225782
2.222559
2.224976
2.220948
2.227393
2.221753
2.227393
2.220142
2.225782
2.222559
2.224976
2.220948
2.22417
2.221753
2.223365
2.221753
2.221753
2.221753
2.221753
2.220948
2.220948
2.220948
2.220948
2.220948
2.220948
2.21853
2.220142
2.21853
2.220142
2.21853
2.220142
2.219336
2.220948
2.21853
2.219336
2.217725
2.219336
2.216114
2.223365
2.216919
2.220142
2.216114
2.220142
2.213696
2.219336
2.214502
2.220142
2.213696
2.220142
2.212085
2.21853
2.212891
2.21853
2.214502
2.216114
2.215308
2.216114
2.214502
2.214502
2.216114
2.212891
2.216114
2.212085
2.216114
2.211279
2.216919
2.210474
2.215308
2.210474
2.216919
2.211279
2.214502
2.208862
2.215308
2.208862
2.214502
2.208862
2.214502
2.209668
2.212891
2.208862
2.212085
2.209668
2.211279
2.208862
2.211279
2.208862
2.209668
2.209668
2.209668
2.208862
2.208862
2.208057
2.208057
2.208057
2.208862
2.208057
2.208862
2.207251
2.208057
2.207251
2.206445
2.207251
2.207251
2.206445
2.207251
2.204834
2.206445
2.204834
2.206445
2.204028
2.207251
2.203223
2.207251
2.202417
2.206445
2.201611
2.20564
2.2
2.20564
2.199194
2.206445
2.201611
2.204834
2.201611
2.203223
2.202417
2.202417
2.204028
2.199194
2.203223
2.198389
2.204834
2.196777
2.203223
2.197583
2.202417
2.196777
2.201611
2.199194
2.201611
2.197583
2.200806
2.198389
2.201611
2.198389
2.199194
2.197583
2.197583
2.196777
2.196777
2.197583
2.196777
2.195971
2.195971
2.195166
2.195971
2.196777
2.195166
2.195166
2.195166
2.195166
2.195166
2.19436
2.196777
2.192749
2.195166
2.191943
2.195166
2.192749
2.195971
2.191138
2.197583
2.190332
2.197583
2.189526
2.195166
2.190332
2.195971
2.18872
2.193555
2.189526
2.191943
2.191138
2.190332
2.191943
2.189526
2.192749
2.187915
2.193555
2.187109
2.19436
2.187915
2.191943
2.187915
2.191138
2.187109
2.191138
2.186303
2.189526
2.186303
2.190332
2.187109
2.18872
2.186303
2.187109
2.186303
2.187109
2.185498
2.187109
2.185498
2.185498
2.185498
2.186303
2.185498
2.185498
2.183887
2.183887
2.184692
2.183887
2.183887
2.183081
2.182275
2.183081
2.180664
2.184692
2.179858
2.186303
2.179052
2.184692
2.178247
2.184692
2.178247
2.183887
2.177441
2.183081
2.179052
2.181469
2.180664
2.179858
2.179858
2.178247
2.181469
2.177441
2.182275
2.17583
2.181469
2.174218
2.180664
2.175024
2.180664
2.175024
2.177441
2.17583
2.177441
2.17583
2.177441
2.176635
2.17583
2.174218
2.173413
2.175024
2.176635
2.175024
2.174218
2.175024
2.173413
2.172607
2.173413
2.172607
2.173413
2.172607
2.172607
2.17019
2.17583
2.169384
2.173413
2.169384
2.174218
2.168579
2.172607
2.166967
2.173413
2.166967
2.171801
2.166967
2.172607
2.168579
2.17019
2.168579
2.167773
2.170995
2.166967
2.170995
2.16455
2.17019
2.163744
2.17019
2.163744
2.168579
2.16455
2.168579
2.163744
2.166967
2.163744
2.166162
2.16455
2.16455
2.165356
2.16455
2.163744
2.163744
2.162939
2.163744
2.16455
2.162133
2.163744
2.162133
2.162133
2.162939
2.162133
2.161327
2.160522
2.162133
2.160522
2.161327
2.160522
2.159716
2.160522
2.159716
2.159716
2.159716
2.158105
2.158911
2.158105
2.157299
2.158105
2.158105
2.157299
2.157299
2.158105
2.156493
2.156493
2.156493
2.154882
2.154882
2.155688
2.155688
2.155688
2.156493
2.153271
2.154882
2.154076
2.154076
2.153271
2.154882
2.154076
2.154076
2.152465
2.154076
2.151659
2.154076
2.151659
2.152465
2.150854
2.152465
2.150854
2.151659
2.150048
2.150854
2.149242
2.153271
2.148437
2.153271
2.146825
2.150048
2.146825
2.150854
2.146825
2.150854
2.14602
2.149242
2.144408
2.151659
2.144408
2.150048
2.142797
2.149242
2.142797
2.150048
2.141991
2.148437
2.141991
2.148437
2.141991
2.148437
2.142797
2.145214
2.141991
2.143603
2.143603
2.141991
2.143603
2.141991
2.145214
2.14038
2.145214
2.137963
2.144408
2.137963
2.144408
2.137157
2.143603
2.137157
2.142797
2.137157
2.141186
2.136352
2.141186
2.137963
2.141186
2.137157
2.138768
2.137157
2.137157
2.136352
2.137157
2.136352
2.136352
2.135546
2.136352
2.135546
2.135546
2.135546
2.13474
2.13474
2.135546
2.13474
2.13474
2.13474
2.133934
2.132323
2.133934
2.133934
2.132323
2.130712
2.132323
2.133129
2.133129
2.130712
2.132323
2.129906
2.129906
2.1291
2.133934
2.127489
2.130712
2.125878
2.131517
2.125878
2.132323
2.125072
2.130712
2.125072
2.129906
2.125878
2.128295
2.126683
2.128295
2.125072
2.125878
2.125878
2.124266
2.127489
2.123461
2.127489
2.121044
2.126683
2.121849
2.127489
2.120238
2.125878
2.121044
2.125072
2.120238
2.124266
2.120238
2.123461
2.118627
2.123461
2.120238
2.122655
2.119432
2.121044
2.121044
2.121044
2.118627
2.117015
2.118627
2.120238
2.118627
2.118627
2.117821
2.117015
2.117015
2.117015
2.117821
2.11621
2.115404
2.11621
2.115404
2.115404
2.115404
2.114598
2.114598
2.115404
2.113793
2.114598
2.113793
2.113793
2.112987
2.112181
2.112181
2.113793
2.111376
2.112181
2.109764
2.113793
2.109764
2.112181
2.108153
2.111376
2.107347
2.112987
2.108958
2.111376
2.106541
2.111376
2.105736
2.111376
2.10493
2.11057
2.103319
2.109764
2.104125
2.11057
2.103319
2.108153
2.103319
2.107347
2.102513
2.105736
2.103319
2.104125
2.104125
2.101707
2.10493
2.100902
2.105736
2.100096
2.10493
2.098485
2.10493
2.097679
2.10493
2.098485
2.103319
2.098485
2.101707
2.097679
2.101707
2.096873
2.100096
2.098485
2.09929
2.098485
2.098485
2.096873
2.096873
2.096873
2.097679
2.096873
2.096068
2.096068
2.096068
2.095262
2.093651
2.095262
2.094456
2.092845
2.092845
2.092039
2.094456
2.092039
2.093651
2.089622
2.093651
2.089622
2.093651
2.088817
2.092039
2.088011
2.093651
2.087205
2.093651
2.0864
2.092845
2.085594
2.090428
2.087205
2.089622
2.0864
2.088011
2.087205
2.0864
2.088011
2.084788
2.088817
2.083177
2.088817
2.082371
2.088011
2.081566
2.088817
2.083982
2.0864
2.082371
2.0864
2.079954
2.083982
2.079149
2.083177
2.077537
2.083177
2.078343
2.082371
2.079149
2.079954
2.079149
2.08076
2.077537
2.078343
2.079149
2.078343
2.078343
2.078343
2.076731
2.076731
2.076731
2.075926
2.075926
2.077537
2.07512
2.075926
2.073509
2.07512
2.075926
2.073509
2.074314
2.071898
2.074314
2.072703
2.072703
2.072703
2.072703
2.071898
2.072703
2.071092
2.071898
2.070286
2.071092
2.071092
2.06948
2.06948
2.068675
2.06948
2.067063
2.06948
2.066258
2.06948
2.065452
2.06948
2.063841
2.06948
2.063035
2.067869
2.060568
2.067063
2.058956
2.066258
2.058956
2.067063
2.058956
2.066258
2.057345
2.063841
2.057345
2.063841
2.054928
2.063035
2.057345
2.059762
2.056539
2.058151
2.054928
2.057345
2.056539
2.055733
2.056539
2.055733
2.057345
2.054122
2.057345
2.052511
2.056539
2.052511
2.055733
2.0509
2.054122
2.050094
2.056539
2.049288
2.054928
2.048482
2.054928
2.046871
2.053317
2.046065
2.052511
2.046065
2.052511
2.046065
2.051705
2.04526
2.051705
2.042843
2.050094
2.043648
2.048482
2.043648
2.047677
2.043648
2.047677
2.041231
2.048482
2.040426
2.046065
2.040426
2.04526
2.03962
2.044454
2.03962
2.044454
2.038009
2.042843
2.038009
2.043648
2.036397
2.042037
2.037203
2.041231
2.03398
2.040426
2.038009
2.040426
2.034786
2.038009
2.034786
2.038814
2.03398
2.038009
2.033175
2.037203
2.032369
2.036397
2.030758
2.035592
2.029952
2.035592
2.029146
2.03398
2.027535
2.033175
2.028341
2.033175
2.027535
2.031563
2.026729
2.030758
2.025923
2.031563
2.025118
2.030758
2.024312
2.029952
2.023506
2.029146
2.022701
2.028341
2.021895
2.027535
2.02109
2.025923
2.021895
2.025923
2.019478
2.025923
2.018672
2.026729
2.017867
2.024312
2.017867
2.023506
2.017867
2.023506
2.01545
2.021895
2.014644
2.02109
2.013838
2.02109
2.013838
2.019478
2.012227
2.018672
2.012227
2.018672
2.012227
2.017867
2.010616
2.017867
2.010616
2.016255
2.00981
2.013838
2.009004
2.013838
2.00981
2.013033
2.007393
2.011421
2.008198
2.011421
2.005782
2.00981
2.004976
2.008198
2.004976
2.008198
2.004976
2.007393
2.002559
2.006587
2.002559
2.006587
2.000142
2.004976
2.000947
2.003365
2.000142
2.004976
2.000142
2.003365
1.99853
2.003365
1.997725
2.001753
1.996919
2.000947
1.996113
1.999336
1.996113
2.000142
1.993696
1.999336
1.995308
1.996919
1.992891
1.997725
1.992891
1.997725
1.991279
1.995308
1.990474
1.996113
1.989668
1.993696
1.988057
1.993696
1.987251
1.992891
1.986445
1.991279
1.986445
1.992891
1.98564
1.991279
1.984028
1.988862
1.984028
1.988862
1.982417
1.988862
1.981611
1.986445
1.981611
1.987251
1.98
1.986445
1.978389
1.98564
1.977583
1.98564
1.978389
1.984028
1.975166
1.982417
1.975166
1.982417
1.97436
1.982417
1.973555
1.981611
1.973555
1.978389
1.971138
1.978389
1.971138
1.978389
1.971138
1.975972
1.970332
1.975972
1.970332
1.97436
1.969526
1.973555
1.967915
1.972749
1.967915
1.971138
1.967109
1.971138
1.967109
1.96872
1.967109
1.967109
1.967109
1.965498
1.965498
1.963081
1.966303
1.961469
1.963886
1.961469
1.963886
1.960664
1.963886
1.959052
1.963081
1.958247
1.962275
1.95583
1.962275
1.95583
1.961469
1.954218
1.959858
1.952607
1.959858
1.951801
1.958247
1.951801
1.957441
1.948579
1.956635
1.95019
1.95583
1.949384
1.954218
1.949384
1.953413
1.948579
1.952607
1.947773
1.952607
1.946967
1.949384
1.94455
1.949384
1.945356
1.947773
1.943745
1.945356
1.942133
1.946967
1.942939
1.94455
1.942939
1.943745
1.942939
1.940522
1.941327
1.942133
1.939716
1.939716
1.93891
1.940522
1.938105
1.938105
1.936493
1.938105
1.937299
1.938105
1.936493
1.935688
1.934076
1.934882
1.934076
1.934076
1.933271
1.932465
1.932465
1.933271
1.932465
1.930854
1.930048
1.929242
1.930048
1.929242
1.928437
1.928437
1.929242
1.926825
1.929242
1.928437
1.925214
1.92602
1.922797
1.92602
1.924408
1.922797
1.923603
1.923603
1.921186
1.922797
1.921991
1.921991
1.92038
1.92038
1.918769
1.919574
1.917963
1.918769
1.917963
1.917157
1.915546
1.917157
1.91474
1.916352
1.913129
1.91474
1.912323
1.912323
1.911518
1.911518
1.909906
1.912323
1.9091
1.911518
1.9091
1.910712
1.906683
1.9091
1.906683
1.9091
1.904266
1.906683
1.903461
1.908295
1.902655
1.906683
1.901849
1.905878
1.900238
1.905878
1.898627
1.902655
1.899432
1.903461
1.897821
1.902655
1.897015
1.901044
1.894598
1.899432
1.895404
1.898627
1.893793
1.897821
1.892987
1.897015
1.891376
1.89621
1.891376
1.894598
1.889764
1.893793
1.888959
1.891376
1.887347
1.892181
1.887347
1.89057
1.885736
1.89057
1.88493
1.889764
1.884125
1.886541
1.883319
1.887347
1.881707
1.88493
1.880902
1.884125
1.880096
1.88493
1.87929
1.884125
1.877679
1.882513
1.876068
1.882513
1.876068
1.878485
1.875262
1.87929
1.875262
1.877679
1.872845
1.877679
1.872039
1.877679
1.870428
1.876068
1.869622
1.876873
1.868011
1.873651
1.8664
1.872845
1.8664
1.871234
1.864788
1.869622
1.863983
1.871234
1.861565
1.870428
1.861565
1.868817
1.86076
1.867205
1.859149
1.867205
1.859954
1.865594
1.858343
1.864788
1.856731
1.863177
1.856731
1.861565
1.856731
1.86076
1.855875
1.859954
1.854264
1.858343
1.853458
1.856731
1.853458
1.855875
1.853458
1.854264
1.852653
1.853458
1.851847
1.851847
1.851847
1.850236
1.850236
1.850236
1.851041
1.847013
1.848624
1.846207
1.848624
1.84379
1.847819
1.842179
1.847013
1.842179
1.846207
1.840568
1.847013
1.839762
1.845402
1.838151
1.844596
1.837345
1.84379
1.836539
1.842179
1.835734
1.841373
1.834928
1.840568
1.833316
1.838151
1.832511
1.837345
1.831705
1.835734
1.830899
1.834928
1.830094
1.832511
1.828482
1.832511
1.829288
1.830899
1.826871
1.830094
1.827677
1.829288
1.82526
1.826871
1.826871
1.826871
1.822843
1.824454
1.822843
1.826871
1.822843
1.822843
1.822037
1.821231
1.821231
1.818814
1.81962
1.818814
1.818009
1.818814
1.817203
1.818009
1.816397
1.817203
1.815592
1.814786
1.813175
1.81398
1.813175
1.813175
1.812369
1.811563
1.811563
1.810758
1.809952
1.808341
1.808341
1.808341
1.807535
1.807535
1.806729
1.806729
1.806729
1.805923
1.805118
1.803506
1.803506
1.804312
1.802701
1.802701
1.801089
1.801089
1.801895
1.798672
1.799478
1.797061
1.797867
1.798672
1.797867
1.797867
1.796255
1.796255
1.794644
1.79545
1.793838
1.794644
1.793838
1.793838
1.791421
1.791421
1.78981
1.790616
1.78981
1.789004
1.788199
1.790616
1.785782
1.787393
1.783365
1.788199
1.782559
1.787393
1.780948
1.786587
1.780948
1.785782
1.779336
1.782559
1.778531
1.782559
1.777725
1.783365
1.776114
1.780948
1.774502
1.780948
1.772891
1.779336
1.772085
1.778531
1.771279
1.777725
1.770474
1.776114
1.768862
1.774502
1.768862
1.773696
1.768057
1.771279
1.767251
1.770474
1.767251
1.767251
1.766445
1.767251
1.766445
1.764834
1.764834
1.763223
1.764028
1.763223
1.764028
1.76
1.762417
1.760806
1.762417
1.757583
1.761611
1.757583
1.760806
1.753555
1.760806
1.752749
1.76
1.751137
1.756777
1.751137
1.755972
1.749526
1.755166
1.749526
1.753555
1.748721
1.751943
1.747915
1.750332
1.746303
1.748721
1.746303
1.746303
1.744692
1.747109
1.743886
1.743886
1.743081
1.743886
1.740664
1.742275
1.740664
1.740664
1.739858
1.739858
1.739858
1.739052
1.738247
1.736635
1.738247
1.73583
1.73583
1.73583
1.734218
1.734218
1.734218
1.734218
1.732607
1.732607
1.731801
1.730996
1.73019
1.73019
1.730996
1.728579
1.727773
1.728579
1.726162
1.727773
1.72455
1.726967
1.722939
1.725356
1.721328
1.725356
1.720522
1.723744
1.71891
1.72455
1.717299
1.722939
1.715688
1.722133
1.714882
1.71891
1.712465
1.719716
1.713271
1.716493
1.712465
1.715688
1.713271
1.712465
1.713271
1.710048
1.713271
1.707631
1.713271
1.70602
1.711659
1.70602
1.711659
1.705214
1.710854
1.704408
1.708437
1.704408
1.707631
1.702797
1.70602
1.702797
1.703603
1.701991
1.701186
1.70038
1.70038
1.70038
1.698769
1.70038
1.697963
1.697963
1.697157
1.697157
1.695546
1.695546
1.693934
1.693934
1.693129
1.693129
1.693129
1.690712
1.692323
1.6891
1.691517
1.688295
1.691517
1.685878
1.689906
1.685072
1.689906
1.683461
1.688295
1.682655
1.687489
1.680238
1.686683
1.681044
1.685072
1.679432
1.681044
1.680238
1.679432
1.681044
1.677821
1.682655
1.67621
1.681044
1.672987
1.680238
1.674598
1.678627
1.671376
1.677015
1.672987
1.674598
1.671376
1.673793
1.671376
1.672181
1.668959
1.67057
1.668959
1.668959
1.668153
1.668153
1.666541
1.667347
1.66493
1.66493
1.665736
1.665736
1.664124
1.663319
1.663319
1.663319
1.663319
1.660902
1.662513
1.660096
1.660096
1.65929
1.65929
1.658485
1.658485
1.656068
1.657679
1.656873
1.656068
1.654456
1.654456
1.653651
1.652845
1.654456
1.652039
1.651234
1.650428
1.651234
1.647155
1.647155
1.647155
1.646349
1.646349
1.646349
1.645544
1.645544
1.643932
1.643932
1.643126
1.641515
1.643126
1.641515
1.641515
1.639098
1.639098
1.638292
1.638292
1.638292
1.638292
1.637487
1.635875
1.635875
1.63507
1.63507
1.634264
1.63507
1.633458
1.632653
1.631847
1.632653
1.630236
1.631041
1.630236
1.628624
1.628624
1.628624
1.627819
1.627013
1.626207
1.626207
1.625402
1.624596
1.624596
1.622179
1.62379
1.62379
1.622985
1.622179
1.622985
1.621373
1.621373
1.622179
1.620568
1.618956
1.618956
1.618151
1.616539
1.615734
1.615734
1.617345
1.614122
1.614928
1.614122
1.614928
1.613317
1.614122
1.610094
1.612511
1.610094
1.612511
1.608482
1.610899
1.606871
1.610899
1.606065
1.610094
1.604454
1.609288
1.603648
1.608482
1.602037
1.606871
1.601231
1.60526
1.598814
1.60526
1.59962
1.603648
1.598009
1.602037
1.598009
1.59962
1.598009
1.598009
1.598009
1.595592
1.598009
1.594786
1.598814
1.592369
1.597203
1.590758
1.597203
1.589146
1.59398
1.589146
1.597203
1.586729
1.593175
1.587535
1.592369
1.587535
1.591563
1.585924
1.588341
1.585118
1.589952
1.584312
1.588341
1.583506
1.585924
1.581895
1.585118
1.581895
1.583506
1.581089
1.583506
1.578672
1.581089
1.578672
1.580284
1.577867
1.579478
1.576255
1.578672
1.576255
1.576255
1.57545
1.576255
1.574644
1.574644
1.573033
1.572227
1.572227
1.572227
1.571421
1.572227
1.56981
1.570616
1.56981
1.569004
1.569004
1.569004
1.564976
1.567393
1.566587
1.567393
1.565782
1.564976
1.56417
1.563365
1.563365
1.562559
1.562559
1.561753
1.561753
1.560948
1.560142
1.559336
1.560142
1.559336
1.560142
1.557725
1.556919
1.556919
1.557725
1.555308
1.553696
1.554502
1.554502
1.555308
1.552891
1.553696
1.550474
1.552891
1.551279
1.553696
1.552891
1.551279
1.548862
1.549668
1.547251
1.548862
1.54564
1.549668
1.547251
1.548057
1.543223
1.547251
1.542417
1.547251
1.540806
1.544028
1.54
1.544028
1.537583
1.543223
1.535972
1.543223
1.535972
1.542417
1.53436
1.540806
1.533555
1.539194
1.533555
1.538389
1.531943
1.537583
1.531137
1.535972
1.531943
1.533555
1.532749
1.531943
1.531943
1.529526
1.531943
1.527109
1.531943
1.526303
1.531137
1.525498
1.531137
1.523886
1.530332
1.523081
1.529526
1.521469
1.527915
1.520664
1.527109
1.523081
1.524692
1.520664
1.523886
1.519858
1.523081
1.519858
1.522275
1.517441
1.519052
1.519858
1.519052
1.517441
1.518247
1.51583
1.51583
1.514218
1.515024
1.515024
1.515024
1.513413
1.512607
1.512607
1.512607
1.51019
1.511801
1.510996
1.51019
1.51019
1.510996
1.509384
1.508579
1.507773
1.508579
1.506967
1.508579
1.50455
1.506967
1.50455
1.506967
1.502939
1.507773
1.501328
1.506162
1.500522
1.506162
1.49891
1.505356
1.49891
1.503745
1.497299
1.502133
1.498105
1.499716
1.498105
1.497299
1.500522
1.495688
1.499716
1.493271
1.49891
1.491659
1.49891
1.490048
1.498105
1.491659
1.496493
1.490854
1.494882
1.489242
1.493271
1.489242
1.491659
1.489242
1.490854
1.489242
1.490048
1.488437
1.487631
1.486825
1.486825
1.489242
1.48602
1.486825
1.48602
1.485214
1.484408
1.483603
1.483603
1.483603
1.482797
1.482797
1.481991
1.481991
1.48038
1.48038
1.481186
1.479574
1.481186
1.477157
1.479574
1.476351
1.479574
1.475546
1.479574
1.473129
1.477157
1.472323
1.477963
1.471517
1.478769
1.471517
1.476351
1.468295
1.473935
1.4691
1.473935
1.467489
1.470712
1.4691
1.4691
1.4691
1.465878
1.4691
1.463461
1.4691
1.464266
1.468295
1.461849
1.4691
1.461044
1.467489
1.458627
1.466683
1.458627
1.465072
1.457015
1.463461
1.457015
1.461044
1.457015
1.461849
1.45621
1.460238
1.455404
1.459432
1.455404
1.457015
1.455404
1.457015
1.454598
1.45621
1.453793
1.455404
1.451376
1.453793
1.452181
1.453793
1.451376
1.45057
1.451376
1.45057
1.451376
1.451376
1.448958
1.448153
1.448153
1.447347
1.446542
1.448958
1.446542
1.445736
1.446542
1.44493
1.44493
1.444124
1.444124
1.444124
1.444124
1.443268
1.443268
1.443268
1.442463
1.442463
1.441657
1.440851
1.440851
1.440851
1.440046
1.440046
1.438434
1.440046
1.43924
1.440046
1.43924
1.438434
1.438434
1.436823
1.435212
1.436823
1.434406
1.435212
1.434406
1.432795
1.435212
1.4336
1.434406
1.4336
1.431989
1.432795
1.431183
1.432795
1.431183
1.4336
1.430378
1.431183
1.428766
1.430378
1.427961
1.431989
1.427155
1.429572
1.426349
1.428766
1.424738
1.427961
1.423932
1.427961
1.423127
1.427155
1.42071
1.426349
1.42071
1.426349
1.419904
1.425544
1.419098
1.425544
1.417487
1.424738
1.417487
1.423932
1.416681
1.423127
1.415875
1.422321
1.41507
1.42071
1.41507
1.419098
1.414264
1.417487
1.41507
1.416681
1.416681
1.41507
1.415875
1.411847
1.415875
1.411041
1.41507
1.408624
1.417487
1.407819
1.415875
1.407013
1.414264
1.407819
1.413458
1.406207
1.411847
1.405402
1.411041
1.405402
1.40943
1.405402
1.408624
1.40379
1.408624
1.40379
1.407013
1.405402
1.405402
1.40379
1.404596
1.402985
1.402985
1.402985
1.402179
1.400568
1.402179
1.401373
1.400568
1.401373
1.400568
1.400568
1.399762
1.399762
1.399762
1.399762
1.398151
1.398151
1.397345
1.396539
1.397345
1.395734
1.396539
1.394122
1.397345
1.394122
1.395734
1.392511
1.395734
1.391705
1.394928
1.390899
1.394928
1.389288
1.392511
1.387677
1.394122
1.388482
1.394122
1.386871
1.393317
1.386065
1.392511
1.384454
1.390094
1.383648
1.390899
1.383648
1.390094
1.38526
1.388482
1.386065
1.386871
1.38526
1.38526
1.383648
1.382843
1.386065
1.381231
1.38526
1.380426
1.384454
1.37962
1.384454
1.377203
1.38526
1.377203
1.384454
1.376397
1.382843
1.374786
1.382843
1.374786
1.381231
1.37398
1.380426
1.373175
1.381231
1.372369
1.378009
1.372369
1.377203
1.371563
1.376397
1.371563
1.37398
1.370758
1.374786
1.369952
1.374786
1.36834
1.373175
1.369146
1.373175
1.369146
1.370758
1.367535
1.370758
1.369146
1.369952
1.367535
1.367535
1.366729
1.367535
1.365924
1.367535
1.365118
1.367535
1.363506
1.365924
1.362701
1.365118
1.364312
1.365118
1.362701
1.362701
1.362701
1.363506
1.361089
1.361895
1.361089
1.360284
1.361089
1.361089
1.360284
1.361089
1.360284
1.358672
1.358672
1.358672
1.358672
1.357867
1.357867
1.356255
1.356255
1.357867
1.35545
1.35545
1.35545
1.357061
1.354644
1.354644
1.353033
1.354644
1.353838
1.353033
1.352227
1.353033
1.351421
1.351421
1.352227
1.34981
1.351421
1.350616
1.349004
1.34981
1.348199
1.34981
1.347393
1.349004
1.347393
1.349004
1.347393
1.347393
1.344976
1.347393
1.34417
1.348199
1.343365
1.349004
1.341753
1.346587
1.339336
1.347393
1.340948
1.344976
1.338531
1.34417
1.339336
1.345782
1.337725
1.344976
1.336113
1.343365
1.335308
1.343365
1.335308
1.343365
1.333696
1.341753
1.332891
1.340948
1.332891
1.340948
1.332085
1.338531
1.332891
1.339336
1.332085
1.336919
1.331279
1.336919
1.330474
1.335308
1.331279
1.336113
1.328862
1.334502
1.330474
1.332891
1.328057
1.332085
1.328057
1.331279
1.327251
1.329668
1.32564
1.329668
1.326445
1.330474
1.326445
1.328862
1.323223
1.327251
1.324834
1.326445
1.323223
1.326445
1.323223
1.32564
1.321611
1.324834
1.320806
1.324834
1.320806
1.324028
1.319194
1.323223
1.319194
1.322417
1.317583
1.322417
1.315972
1.322417
1.316777
1.322417
1.31436
1.320806
1.31436
1.32
1.31436
1.318389
1.313555
1.317583
1.313555
1.318389
1.311138
1.317583
1.311138
1.317583
1.310332
1.315972
1.30872
1.316777
1.309526
1.315166
1.309526
1.31436
1.306304
1.313555
1.306304
1.312749
1.305498
1.311943
1.304692
1.311138
1.304692
1.311943
1.303886
1.311138
1.303081
1.310332
1.302275
1.307109
1.301469
1.307109
1.301469
1.307109
1.301469
1.307109
1.299858
1.305498
1.299052
1.305498
1.297441
1.305498
1.298247
1.303081
1.297441
1.303081
1.298247
1.301469
1.295024
1.301469
1.29583
1.299858
1.29583
1.299858
1.296635
1.299052
1.293413
1.298247
1.294218
1.298247
1.294218
1.296635
1.290996
1.296635
1.291801
1.294218
1.291801
1.293413
1.290996
1.292607
1.290996
1.291801
1.290996
1.290996
1.288579
1.289384
1.289384
1.289384
1.288579
1.287773
1.288579
1.285356
1.288579
1.286162
1.287773
1.283745
1.286967
1.282133
1.286162
1.282939
1.286967
1.280522
1.28455
1.279716
1.286162
1.282939
1.285356
1.278911
1.28455
1.276493
1.28455
1.277299
1.283745
1.275688
1.282939
1.274882
1.281327
1.273271
1.28455
1.272465
1.279716
1.272465
1.280522
1.270854
1.279716
1.270854
1.279716
1.270048
1.278105
1.270854
1.276493
1.269242
1.276493
1.267631
1.275688
1.267631
1.274076
1.267631
1.274882
1.266825
1.273271
1.266825
1.271659
1.265214
1.270854
1.264408
1.270048
1.264408
1.267631
1.262797
1.268437
1.263603
1.266825
1.262797
1.266825
1.261991
1.265214
1.261186
1.264408
1.26038
1.262797
1.261186
1.261991
1.259574
1.261991
1.258769
1.261186
1.259574
1.26038
1.255546
1.258769
1.257157
1.257963
1.256352
1.256352
1.25474
1.257157
1.253935
1.256352
1.253129
1.25474
1.253129
1.253935
1.252323
1.251517
1.251517
1.251517
1.251517
1.251517
1.2491
1.250712
1.249906
1.249906
1.247489
1.2491
1.248295
1.2491
1.247489
1.247489
1.245072
1.245878
1.245878
1.245072
1.245072
1.245072
1.242655
1.244266
1.243461
1.243461
1.241849
1.241849
1.241849
1.242655
1.240238
1.241044
1.239432
1.240238
1.239432
1.239432
1.238627
1.237821
1.237821
1.238627
1.235354
1.232131
1.233742
1.234548
1.232937
1.234548
1.232937
1.231325
1.232131
1.231325
1.231325
1.23052
1.229714
1.228908
1.228908
1.23052
1.227297
1.228102
1.227297
1.226491
1.226491
1.227297
1.225685
1.22488
1.224074
1.22488
1.224074
1.222463
1.224074
1.222463
1.222463
1.221657
1.220851
1.221657
1.21924
1.220046
1.21924
1.21924
1.21924
1.21924
1.218434
1.217629
1.214406
1.215212
1.216017
1.215212
1.214406
1.214406
1.214406
1.2136
1.212795
1.2136
1.209572
1.211183
1.211183
1.210378
1.210378
1.209572
1.210378
1.210378
1.207961
1.208766
1.206349
1.207155
1.207155
1.206349
1.206349
1.205544
1.203932
1.203932
1.203932
1.203932
1.202321
1.202321
1.202321
1.201515
1.201515
1.199904
1.200709
1.199098
1.199098
1.199098
1.199098
1.198292
1.198292
1.196681
1.195875
1.195875
1.19507
1.194264
1.194264
1.194264
1.192653
1.193458
1.193458
1.190236
1.191847
1.190236
1.190236
1.191041
1.190236
1.18943
1.188624
1.188624
1.187819
1.187819
1.186207
1.186207
1.187013
1.186207
1.186207
1.184596
1.182985
1.184596
1.182179
1.181373
1.181373
1.181373
1.181373
1.179762
1.179762
1.180568
1.178956
1.178956
1.178151
1.176539
1.175734
1.176539
1.175734
1.175734
1.174928
1.174122
1.173316
1.172511
1.172511
1.174122
1.171705
1.1709
1.171705
1.170094
1.1709
1.167677
1.168482
1.167677
1.166871
1.166871
1.166871
1.166871
1.16526
1.164454
1.16526
1.163648
1.163648
1.163648
1.163648
1.161231
1.162843
1.161231
1.160426
1.15962
1.160426
1.15962
1.158009
1.158814
1.156397
1.157203
1.155592
1.156397
1.15398
1.156397
1.151563
1.154786
1.151563
1.155592
1.148341
1.154786
1.146729
1.155592
1.146729
1.154786
1.145118
1.151563
1.144312
1.149952
1.145118
1.146729
1.146729
1.141895
1.146729
1.138672
1.147535
1.137061
1.146729
1.137061
1.143507
1.136255
1.141089
1.134644
1.140284
1.13545
1.137867
1.13545
1.13545
1.134644
1.132227
1.133838
1.132227
1.131421
1.131421
1.12981
1.12981
1.129004
1.12981
1.127393
1.12981
1.126587
1.12981
1.123365
1.12981
1.120948
1.129004
1.119336
1.129004
1.119336
1.124976
1.120142
1.120948
1.122559
1.116919
1.12417
1.113696
1.123365
1.112891
1.122559
1.113696
1.118531
1.112085
1.116114
1.112891
1.112891
1.111279
1.111279
1.110474
1.110474
1.109668
1.110474
1.108862
1.107251
1.107251
1.108057
1.104834
1.107251
1.103223
1.107251
1.099194
1.107251
1.097583
1.106445
1.095972
1.104028
1.096777
1.098389
1.099194
1.09436
1.1
1.089526
1.098389
1.08872
1.097583
1.090332
1.095166
1.087109
1.092749
1.089526
1.090332
1.08872
1.087109
1.087109
1.086303
1.085498
1.085498
1.084692
1.084692
1.083081
1.083886
1.081469
1.083081
1.078247
1.082275
1.076635
1.082275
1.073413
1.082275
1.072607
1.080664
1.07019
1.076635
1.073413
1.071801
1.075024
1.066967
1.075024
1.06455
1.073413
1.063745
1.070996
1.062939
1.069384
1.062939
1.067773
1.062133
1.063745
1.061327
1.062133
1.060522
1.060522
1.05891
1.058105
1.058105
1.056493
1.055688
1.054882
1.054076
1.052465
1.052465
1.052465
1.050854
1.050048
1.049242
1.049242
1.046825
1.048437
1.043603
1.046825
1.041991
1.046825
1.039574
1.044408
1.037963
1.044408
1.037157
1.041991
1.033129
1.041186
1.031518
1.039574
1.029856
1.037963
1.028244
1.036352
1.028244
1.032323
1.027439
1.030661
1.029856
1.028244
1.026633
1.02341
1.027439
1.020188
1.025827
1.018576
1.025827
1.013742
1.024216
1.012131
1.022605
1.009714
1.020188
1.008103
1.020188
1.008103
1.016159
1.007297
1.011325
1.005685
1.013742
1.00488
1.008103
1.003268
1.007297
1.003268
1.003268
1.000851
1.000851
0.9984344
0.9984344
0.9976288
0.9960174
0.9944059
0.9944059
0.9944059
0.9919889
0.9919889
0.989572
0.9887663
0.9871549
0.9871549
0.9855435
0.9855435
0.9839322
0.9815151
0.9815151
0.9799038
0.9799038
0.9774868
0.9766811
0.974264
0.9758755
0.9718471
0.974264
0.9686243
0.9734584
0.9662073
0.9702357
0.9629847
0.9702357
0.9613732
0.9678186
0.9565392
0.9637903
0.9541222
0.9637903
0.9517052
0.9613732
0.9484824
0.9589562
0.9460654
0.9549278
0.9452598
0.9508995
0.9444541
0.9476768
0.942037
0.942037
0.942037
0.9380087
0.9412313
0.9355916
0.93962
0.9299519
0.9363974
0.9267292
0.9347859
0.9218951
0.9339803
0.9194781
0.9315633
0.9154497
0.9267292
0.9146441
0.9243122
0.9106157
0.9186725
0.9081986
0.9154497
0.9041702
0.9114214
0.9017532
0.9057817
0.8993362
0.9009476
0.8953078
0.8961135
0.8920852
0.8912794
0.8888624
0.8856398
0.8840283
0.8808057
0.8775829
0.8751659
0.8711375
0.8679149
0.8646921
0.8598581
0.8566353
0.8518013
0.8485785
0.8453559
0.8389105
0.8348821
0.8284367
0.8260197
0.8171068
0.8154955
0.8026047
0.8058273
0.7889082
0.7905195
0.774406
0.776823
0.7623209
0.799382
0.7647379
0.8090501
0.7574868
0.7929366
0.7510414
0.7905195
0.7462073
0.7872968
0.7405676
0.7856855
0.7381506
0.7840741
0.7462073
0.7566812
0.7961593
0.7897139
0.747013
0.771989
0.8034103
0.8034103
0.744596
0.774406
0.799382
0.7832685
0.8026047
0.7711833
0.8050217
0.7711833
0.7429847
0.7494301
0.7607095
0.7760174
0.7615152
0.7808514
0.7590981
0.7816571
0.7582925
0.7832685
0.7566812
0.7848798
0.7526527
0.7840741
0.7510414
0.7840741
0.7478187
0.7872968
0.7478187
0.7897139
0.744596
0.7889082
0.7300939
0.7913252
0.7405676
0.7929366
0.7365393
0.7953536
0.7300939
0.7985763
0.7317052
0.799382
0.7268711
0.801799
0.7300939
0.8009933
0.7325109
0.7977706
0.7341222
0.7921309
0.7373449
0.7856855
0.7454017
0.7784344
0.7486244
0.771989
0.7574868
0.7639322
0.7631266
0.7574868
0.769572
0.7494301
0.7792401
0.7389563
0.7881025
0.7317052
0.7945479
0.7220371
0.7977706
0.7204257
0.7985763
0.7139803
0.7969649
0.7163973
0.7832685
0.7292881
0.769572
0.7413733
0.7582925
0.7510414
0.7494301
0.7566812
0.742179
0.7615152
0.7349279
0.7727947
0.7260654
0.7784344
0.7220371
0.7840741
0.7155917
0.7897139
0.7268711
0.776823
0.7373449
0.7647379
0.7502357
0.7542641
0.7639322
0.7397619
0.7760174
0.7260654
0.7856855
0.7131746
0.7937422
0.7091463
0.7776287
0.7308995
0.7615152
0.7462073
0.7454017
0.7655436
0.7292881
0.7816571
0.712369
0.7905195
0.7075349
0.7929366
0.7051179
0.7929366
0.7018952
0.7929366
0.7035065
0.7760174
0.714786
0.7655436
0.7252598
0.7534585
0.7365393
0.7437903
0.7405676
0.7333165
0.7566812
0.7244541
0.7687663
0.7276768
0.7623209
0.7268711
0.769572
0.7317052
0.7454017
0.7510414
0.7590981
0.7502357
0.7139803
0.774406
0.7373449
0.7832685
0.7204257
0.7864912
0.7397619
0.7897139
0.7018952
0.7180087
0.7059236
0.7558755
0.7800457
0.7357336
0.7840741
0.7437903
0.7639322
0.744596
0.7397619
0.7357336
0.71962
0.7228427
0.7300939
0.7010895
0.7389563
0.7139803
0.7647379
0.7139803
0.7494301
0.7163973
0.7413733
0.7268711
0.7292881
0.7389563
0.7099519
0.7478187
0.714786
0.7736003
0.7333165
0.776823
0.7494301
0.7655436
0.7671549
0.7139803
0.7792401
0.7035065
0.7872968
0.7059236
0.7663493
0.7325109
0.7655436
0.7574868
0.7155917
0.7832685
0.7043122
0.7703776
0.7002838
0.7454017
0.7155917
0.7220371
0.7486244
0.7244541
0.7703776
0.742179
0.7381506
0.7615152
0.717203
0.776823
0.7083406
0.7647379
0.714786
0.747013
0.7292881
0.7365393
0.747013
0.7131746
0.7679606
0.7083406
0.769572
0.7268711
0.7518471
0.747013
0.7373449
0.7647379
0.7188144
0.7800457
0.7035065
0.7848798
0.7083406
0.7574868
0.7397619
0.7325109
0.7623209
0.717203
0.7800457
0.7010895
0.7881025
0.694644
0.7864912
0.7051179
0.7550698
0.7389563
0.7244541
0.7615152
0.7220371
0.771989
0.742179
0.7437903
0.7574868
0.7212314
0.7736003
0.7051179
0.7590981
0.717203
0.7429847
0.7381506
0.7260654
0.7566812
0.7091463
0.771989
0.714786
0.7639322
0.7308995
0.7454017
0.7502357
0.7292881
0.7655436
0.7115633
0.7808514
0.6954497
0.7832685
0.7083406
0.7607095
0.7317052
0.7397619
0.7574868
0.7204257
0.7760174
0.7043122
0.7881025
0.6986725
0.7889082
0.692227
0.7872968
0.6914213
0.769572
0.7131746
0.7502357
0.742179
0.7292881
0.7566812
0.7155917
0.7679606
0.7131746
0.771989
0.7260654
0.7534585
0.7478187
0.7381506
0.7663493
0.7131746
0.774406
0.7035065
0.7599039
0.71962
0.744596
0.7300939
0.7252598
0.7526527
0.7139803
0.7639322
0.7043122
0.7703776
0.7228427
0.7526527
0.7357336
0.7341222
0.7534585
0.7204257
0.7687663
0.7002838
0.7832685
0.6930327
0.7703776
0.7212314
0.7486244
0.7462073
0.7236485
0.771989
0.7035065
0.7824628
0.6986725
0.7897139
0.6954497
0.7905195
0.6906157
0.7792401
0.6970611
0.7502357
0.7236485
0.7325109
0.742179
0.71962
0.7510414
0.7043122
0.7631266
0.7212314
0.7558755
0.7373449
0.7405676
0.7663493
0.7139803
0.776823
0.7010895
0.7558755
0.7131746
0.7462073
0.7236485
0.7317052
0.7454017
0.7188144
0.7558755
0.7059236
0.7703776
0.717203
0.7607095
0.7284825
0.7454017
0.7494301
0.7308995
0.7599039
0.717203
0.774406
0.694644
0.7816571
0.6930327
0.7679606
0.7188144
0.7454017
0.7413733
0.7244541
0.7639322
0.7099519
0.7848798
0.6986725
0.7864912
0.694644
0.7864912
0.6938384
0.7864912
0.6914213
0.7615152
0.7139803
0.7486244
0.7373449
0.7405676
0.7486244
0.7260654
0.7623209
0.7139803
0.7655436
0.7373449
0.7478187
0.7639322
0.7212314
0.7760174
0.7018952
0.7631266
0.7107576
0.7454017
0.7276768
0.7260654
0.7502357
0.7107576
0.7727947
0.7083406
0.7655436
0.7252598
0.7486244
0.7437903
0.7333165
0.7647379
0.7155917
0.7711833
0.7002838
0.7816571
0.6986725
0.7590981
0.7333165
0.7333165
0.7607095
0.7155917
0.7752117
0.6978668
0.7889082
0.694644
0.7897139
0.6938384
0.7832685
0.694644
0.7727947
0.717203
0.7437903
0.7429847
0.7292881
0.7518471
0.7220371
0.7663493
0.7051179
0.7752117
0.7276768
0.7478187
0.7518471
0.7252598
0.769572
0.7035065
0.7679606
0.7083406
0.7526527
0.7155917
0.7381506
0.7325109
0.7268711
0.7526527
0.7099519
0.7647379
0.7027009
0.7703776
0.7204257
0.7566812
0.7325109
0.744596
0.744596
0.7284825
0.7558755
0.7204257
0.7703776
0.7027009
0.7800457
0.6906157
0.7784344
0.7035065
0.7615152
0.7260654
0.7405676
0.7550698
0.71962
0.7703776
0.7091463
0.7784344
0.7035065
0.7816571
0.6962554
0.7848798
0.694644
0.7840741
0.6906157
0.7824628
0.7043122
0.7631266
0.7188144
0.744596
0.7413733
0.7308995
0.747013
0.7180087
0.7590981
0.7139803
0.7687663
0.7107576
0.7687663
0.7268711
0.7510414
0.744596
0.7333165
0.7582925
0.717203
0.7727947
0.7059236
0.7687663
0.7043122
0.7582925
0.712369
0.744596
0.7220371
0.7317052
0.7365393
0.7252598
0.7502357
0.7107576
0.7639322
0.7027009
0.7727947
0.7107576
0.7703776
0.7204257
0.7558755
0.7317052
0.747013
0.7397619
0.7373449
0.7502357
0.7300939
0.7607095
0.7163973
0.7687663
0.7010895
0.7760174
0.6954497
0.7848798
0.6914213
0.7792401
0.6986725
0.7655436
0.7163973
0.7518471
0.7300939
0.7429847
0.7454017
0.7300939
0.7566812
0.7220371
0.7655436
0.7155917
0.771989
0.7059236
0.7784344
0.7035065
0.774406
0.7002838
0.7832685
0.6978668
0.7832685
0.6978668
0.7832685
0.6970611
0.7840741
0.6954497
0.7872968
0.6986725
0.7872968
0.6938384
0.7881025
0.6962554
0.7856855
0.6970611
0.7856855
0.6962554
0.7872968
0.6930327
0.7872968
0.694644
0.7848798
0.694644
0.7848798
0.694644
0.7881025
0.6881986
0.7856855
0.68981
0.7792401
0.6962554
0.771989
0.7035065
0.7679606
0.7091463
0.7542641
0.7204257
0.7502357
0.7228427
0.744596
0.7244541
0.7437903
0.7292881
0.7437903
0.7284825
0.7365393
0.7333165
0.7341222
0.7389563
0.7341222
0.7454017
0.7300939
0.7494301
0.7284825
0.7462073
0.7268711
0.7494301
0.7244541
0.7542641
0.7204257
0.7566812
0.717203
0.7607095
0.7163973
0.7582925
0.7139803
0.7655436
0.7083406
0.7647379
0.6994781
0.7752117
0.7059236
0.7736003
0.7083406
0.7727947
0.7236485
0.7599039
0.7317052
0.7558755
0.7437903
0.744596
0.7510414
0.7300939
0.7639322
0.7139803
0.776823
0.7075349
0.7703776
0.7035065
0.7623209
0.7115633
0.7510414
0.7139803
0.7413733
0.7252598
0.7276768
0.7349279
0.7204257
0.7550698
0.717203
0.7590981
0.7027009
0.7679606
0.7067292
0.7752117
0.7163973
0.7671549
0.7228427
0.7526527
0.7292881
0.7437903
0.7357336
0.7413733
0.7478187
0.7357336
0.7518471
0.7284825
0.7639322
0.71962
0.7671549
0.7059236
0.769572
0.6994781
0.7784344
0.6954497
0.7840741
0.6881986
0.7824628
0.6994781
0.771989
0.7051179
0.7647379
0.717203
0.7526527
0.7325109
0.747013
0.7405676
0.7357336
0.7494301
0.7268711
0.7566812
0.7244541
0.7631266
0.717203
0.7671549
0.714786
0.7727947
0.7115633
0.7776287
0.7051179
0.7816571
0.7002838
0.7824628
0.6986725
0.7872968
0.694644
0.7864912
0.6962554
0.7824628
0.692227
0.7848798
0.6930327
0.7889082
0.6930327
0.7897139
0.6857816
0.7824628
0.694644
0.771989
0.7083406
0.7558755
0.7188144
0.7478187
0.7317052
0.7381506
0.7413733
0.7284825
0.747013
0.7236485
0.7550698
0.7180087
0.7615152
0.7059236
0.7752117
0.6994781
0.7784344
0.7051179
0.7663493
0.7220371
0.7599039
0.7478187
0.7429847
0.7494301
0.7349279
0.7607095
0.7244541
0.7736003
0.7220371
0.776823
0.712369
0.7687663
0.6986725
0.7599039
0.7091463
0.7502357
0.7204257
0.7429847
0.7308995
0.7292881
0.7365393
0.7180087
0.7534585
0.7067292
0.7663493
0.7035065
0.7711833
0.717203
0.7590981
0.7268711
0.7486244
0.7405676
0.7373449
0.7550698
0.7308995
0.7590981
0.712369
0.771989
0.6978668
0.7832685
0.6906157
0.7752117
0.7099519
0.7526527
0.7317052
0.7373449
0.7550698
0.7204257
0.7711833
0.7091463
0.7808514
0.7027009
0.7848798
0.7018952
0.7864912
0.6938384
0.7864912
0.6954497
0.7840741
0.6881986
0.7784344
0.7035065
0.7582925
0.7252598
0.7397619
0.7429847
0.7317052
0.7510414
0.7220371
0.7607095
0.6986725
0.7760174
0.7163973
0.7534585
0.744596
0.7317052
0.7623209
0.7059236
0.7679606
0.7067292
0.7542641
0.7252598
0.7228427
0.7478187
0.7067292
0.7752117
0.7155917
0.7566812
0.7349279
0.7341222
0.7582925
0.7107576
0.7800457
0.687393
0.7711833
0.7252598
0.7341222
0.7623209
0.7091463
0.7824628
0.6970611
0.7872968
0.694644
0.7872968
0.6978668
0.7574868
0.7349279
0.7308995
0.7502357
0.714786
0.7711833
0.7204257
0.7510414
0.7582925
0.7155917
0.7679606
0.7018952
0.7454017
0.7292881
0.7244541
0.7550698
0.7018952
0.7727947
0.7236485
0.7486244
0.7462073
0.7260654
0.7655436
0.7027009
0.7824628
0.6954497
0.7671549
0.7333165
0.7365393
0.7599039
0.7107576
0.776823
0.6970611
0.7872968
0.6962554
0.7864912
0.6906157
0.7760174
0.7155917
0.7462073
0.742179
0.7268711
0.7582925
0.7018952
0.7727947
0.7163973
0.7582925
0.7494301
0.7236485
0.7784344
0.7002838
0.7542641
0.7180087
0.7429847
0.7405676
0.7188144
0.7582925
0.7051179
0.771989
0.7236485
0.7526527
0.7413733
0.7333165
0.7590981
0.7115633
0.7736003
0.6938384
0.7864912
0.6986725
0.7607095
0.7333165
0.7325109
0.7599039
0.7099519
0.7840741
0.7027009
0.7872968
0.6954497
0.7864912
0.6906157
0.7872968
0.6970611
0.7639322
0.7252598
0.7373449
0.7405676
0.7244541
0.7566812
0.7067292
0.7752117
0.712369
0.7574868
0.7413733
0.7349279
0.7687663
0.717203
0.7679606
0.7035065
0.7526527
0.7188144
0.7373449
0.7365393
0.7220371
0.7510414
0.7051179
0.7663493
0.7107576
0.7631266
0.7260654
0.7494301
0.7429847
0.7373449
0.7550698
0.7236485
0.7623209
0.7083406
0.7800457
0.6954497
0.7848798
0.6962554
0.7647379
0.7204257
0.747013
0.744596
0.7300939
0.7655436
0.7139803
0.7752117
0.7035065
0.7808514
0.6970611
0.7856855
0.6962554
0.7881025
0.694644
0.7897139
0.6930327
0.7856855
0.6978668
0.7631266
0.7204257
0.747013
0.7357336
0.7341222
0.7429847
0.7236485
0.7542641
0.7155917
0.7655436
0.7027009
0.7776287
0.7155917
0.7623209
0.7317052
0.7462073
0.7623209
0.7252598
0.7736003
0.7131746
0.7687663
0.7010895
0.7550698
0.714786
0.742179
0.7292881
0.7300939
0.7413733
0.712369
0.7582925
0.7002838
0.771989
0.7131746
0.7663493
0.7268711
0.7510414
0.7397619
0.7397619
0.7542641
0.7220371
0.7655436
0.7099519
0.7736003
0.6954497
0.7848798
0.6954497
0.769572
0.7155917
0.7542641
0.7349279
0.7389563
0.7542641
0.7220371
0.7639322
0.7091463
0.7792401
0.7027009
0.7840741
0.6986725
0.7856855
0.6954497
0.7864912
0.6938384
0.7897139
0.6930327
0.7856855
0.6970611
0.7623209
0.7180087
0.747013
0.7381506
0.7341222
0.7437903
0.7276768
0.7607095
0.714786
0.774406
0.7010895
0.7655436
0.7292881
0.7558755
0.7478187
0.7333165
0.771989
0.7067292
0.7671549
0.7018952
0.7590981
0.7155917
0.7389563
0.7300939
0.7300939
0.744596
0.712369
0.7607095
0.7043122
0.774406
0.7115633
0.7631266
0.7268711
0.7494301
0.7357336
0.7437903
0.7526527
0.7244541
0.7655436
0.7115633
0.7736003
0.6962554
0.7832685
0.6930327
0.7760174
0.7075349
0.7599039
0.7244541
0.7429847
0.7478187
0.7300939
0.7639322
0.712369
0.7760174
0.7002838
0.7824628
0.7002838
0.7832685
0.6970611
0.7856855
0.6938384
0.7848798
0.692227
0.7889082
0.694644
0.7671549
0.7131746
0.7526527
0.7268711
0.7389563
0.7381506
0.7308995
0.7510414
0.717203
0.7615152
0.7115633
0.776823
0.7075349
0.771989
0.7308995
0.7542641
0.7518471
0.7365393
0.7615152
0.7220371
0.7760174
0.7067292
0.7671549
0.7043122
0.7550698
0.7163973
0.742179
0.7284825
0.7276768
0.7397619
0.7155917
0.7558755
0.7035065
0.7647379
0.7067292
0.771989
0.71962
0.7566812
0.7300939
0.7486244
0.742179
0.7317052
0.7542641
0.7300939
0.7631266
0.7067292
0.7776287
0.6978668
0.7832685
0.6881986
0.7784344
0.7018952
0.7639322
0.7260654
0.7454017
0.742179
0.7349279
0.7566812
0.7212314
0.7703776
0.7083406
0.776823
0.7043122
0.7832685
0.6994781
0.7856855
0.6978668
0.7856855
0.6938384
0.7881025
0.692227
0.7840741
0.692227
0.7856855
0.68981
0.7832685
0.6970611
0.7727947
0.7075349
0.7566812
0.7163973
0.7486244
0.7236485
0.7413733
0.7405676
0.7325109
0.7478187
0.7252598
0.7566812
0.7236485
0.7607095
0.7139803
0.7687663
0.6994781
0.7760174
0.714786
0.7703776
0.7220371
0.7550698
0.7357336
0.7429847
0.7550698
0.7268711
0.7663493
0.714786
0.7792401
0.7107576
0.7671549
0.7018952
0.7647379
0.7075349
0.7510414
0.7155917
0.7462073
0.7252598
0.7397619
0.7333165
0.7284825
0.7413733
0.71962
0.7542641
0.7115633
0.7639322
0.7035065
0.774406
0.712369
0.7687663
0.7228427
0.7607095
0.7325109
0.7486244
0.7381506
0.742179
0.747013
0.7308995
0.7599039
0.7228427
0.7687663
0.7067292
0.774406
0.6954497
0.7824628
0.68981
0.776823
0.7059236
0.7631266
0.7260654
0.7437903
0.7437903
0.7333165
0.7607095
0.7180087
0.771989
0.7075349
0.7800457
0.7002838
0.7848798
0.6986725
0.7856855
0.6962554
0.7864912
0.692227
0.7881025
0.68981
0.7800457
0.6994781
0.7582925
0.7180087
0.7478187
0.7325109
0.7349279
0.742179
0.7276768
0.7566812
0.71962
0.7623209
0.712369
0.7784344
0.7107576
0.7679606
0.7284825
0.7518471
0.744596
0.7365393
0.7607095
0.7228427
0.774406
0.71962
0.769572
0.7027009
0.7615152
0.7107576
0.7526527
0.717203
0.7349279
0.7268711
0.7268711
0.7365393
0.7244541
0.7518471
0.714786
0.7582925
0.7035065
0.7574868
0.7067292
0.774406
0.7155917
0.7655436
0.7163973
0.7647379
0.7252598
0.7542641
0.7308995
0.747013
0.7373449
0.7429847
0.7437903
0.7373449
0.7502357
0.7308995
0.7574868
0.7284825
0.7566812
0.7204257
0.7655436
0.7163973
0.771989
0.7115633
0.7752117
0.7002838
0.7816571
0.694644
0.7816571
0.6906157
0.7848798
0.6906157
0.7800457
0.6954497
0.774406
0.7035065
0.7671549
0.712369
0.7631266
0.7244541
0.7526527
0.7341222
0.7437903
0.7381506
0.7381506
0.747013
0.7325109
0.7574868
0.7252598
0.7671549
0.7139803
0.7687663
0.712369
0.771989
0.7083406
0.7800457
0.7059236
0.7808514
0.7035065
0.7848798
0.6994781
0.7864912
0.6994781
0.7881025
0.6954497
0.7864912
0.6962554
0.7881025
0.694644
0.7881025
0.6962554
0.7881025
0.6914213
0.7889082
0.6914213
0.7848798
0.6970611
0.7711833
0.7091463
0.7566812
0.71962
0.7494301
0.7325109
0.742179
0.7373449
0.7389563
0.7397619
0.7308995
0.7510414
0.7284825
0.7542641
0.71962
0.7582925
0.7163973
0.7647379
0.7075349
0.7760174
0.7115633
0.7776287
0.7163973
0.769572
0.7308995
0.7615152
0.7341222
0.7486244
0.7325109
0.7405676
0.7542641
0.7429847
0.7566812
0.7397619
0.7655436
0.7252598
0.7679606
0.7228427
0.774406
0.7188144
0.7752117
0.7155917
0.7784344
0.7099519
0.776823
0.7115633
0.771989
0.7075349
0.7760174
0.7115633
0.769572
0.7067292
0.7727947
0.7099519
0.7736003
0.7115633
0.774406
0.7083406
0.7711833
0.7091463
0.774406
0.7107576
0.774406
0.7099519
0.7736003
0.7236485
0.7792401
0.7204257
0.7752117
0.7188144
0.7752117
0.7244541
0.7671549
0.7260654
0.7639322
0.7252598
0.7639322
0.7325109
0.7526527
0.7357336
0.7631266
0.7429847
0.7486244
0.744596
0.7494301
0.742179
0.747013
0.7462073
0.7268711
0.7510414
0.7437903
0.7550698
0.7478187
0.7550698
0.7381506
0.7510414
0.7349279
0.7550698
0.7325109
0.7558755
0.7292881
0.7566812
0.7341222
0.7542641
0.7373449
0.7647379
0.7333165
0.7542641
0.7494301
0.7574868
0.7413733
0.7510414
0.747013
0.7502357
0.7413733
0.7478187
0.742179
0.7462073
0.7502357
0.747013
0.7526527
0.7437903
0.7574868
0.7413733
0.7582925
0.7413733
0.7526527
0.7437903
0.7526527
0.7381506
0.747013
0.7550698
0.7478187
0.7486244
0.742179
0.7526527
0.7357336
0.7534585
0.7292881
0.7647379
0.7341222
0.7647379
0.7268711
0.7655436
0.7180087
0.7711833
0.71962
0.7727947
0.7115633
0.771989
0.714786
0.7752117
0.7139803
0.774406
0.7155917
0.7760174
0.7115633
0.771989
0.7155917
0.7752117
0.7244541
0.774406
0.7188144
0.7711833
0.717203
0.7679606
0.7180087
0.7776287
0.7188144
0.7663493
0.7292881
0.7639322
0.7300939
0.7534585
0.7373449
0.7590981
0.7373449
0.747013
0.7478187
0.7486244
0.7494301
0.7429847
0.7566812
0.7413733
0.7550698
0.7373449
0.7574868
0.7349279
0.7582925
0.7341222
0.7582925
0.7437903
0.7631266
0.7308995
0.7639322
0.7389563
0.7615152
0.7333165
0.7590981
0.7381506
0.7558755
0.7341222
0.7550698
0.7413733
0.7574868
0.7405676
0.7574868
0.7381506
0.7566812
0.7365393
0.7607095
0.7349279
0.7599039
0.7381506
0.7542641
0.747013
0.7478187
0.7462073
0.7462073
0.7486244
0.7381506
0.7590981
0.7429847
0.7534585
0.7373449
0.7615152
0.7260654
0.7639322
0.7204257
0.7727947
0.7188144
0.7776287
0.7067292
0.7679606
0.714786
0.7679606
0.714786
0.7631266
0.7244541
0.7607095
0.7204257
0.7582925
0.7292881
0.7558755
0.7333165
0.7526527
0.7397619
0.747013
0.7357336
0.742179
0.742179
0.7373449
0.7486244
0.7252598
0.7566812
0.7139803
0.7639322
0.7075349
0.7784344
0.6962554
0.7897139
0.6906157
0.7856855
0.6938384
0.7897139
0.6930327
0.7872968
0.6962554
0.7889082
0.6970611
0.7848798
0.6994781
0.7856855
0.7067292
0.7816571
0.7091463
0.7760174
0.714786
0.7647379
0.7236485
0.7518471
0.7349279
0.7397619
0.742179
0.7308995
0.7582925
0.7163973
0.7663493
0.7018952
0.7776287
0.6938384
0.7889082
0.694644
0.7824628
0.6994781
0.7816571
0.7091463
0.7736003
0.7180087
0.7687663
0.7260654
0.7623209
0.7300939
0.7526527
0.7341222
0.7526527
0.7349279
0.7462073
0.7454017
0.742179
0.7454017
0.742179
0.7502357
0.7349279
0.7550698
0.7317052
0.7574868
0.7292881
0.7615152
0.7308995
0.7607095
0.7236485
0.769572
0.71962
0.7711833
0.717203
0.7760174
0.7115633
0.774406
0.7067292
0.7679606
0.7091463
0.7607095
0.714786
0.7607095
0.7180087
0.7502357
0.7228427
0.7373449
0.7325109
0.7268711
0.7365393
0.7244541
0.7437903
0.7204257
0.7526527
0.7091463
0.7631266
0.7035065
0.7711833
0.7107576
0.7727947
0.717203
0.7736003
0.7300939
0.769572
0.7389563
0.7502357
0.7478187
0.7437903
0.7542641
0.7308995
0.7639322
0.7244541
0.7760174
0.7228427
0.7703776
0.7228427
0.7647379
0.7252598
0.7590981
0.7317052
0.7542641
0.7373449
0.7494301
0.7437903
0.7397619
0.7494301
0.7357336
0.7558755
0.7244541
0.7494301
0.7115633
0.7776287
0.7002838
0.7881025
0.692227
0.7897139
0.6938384
0.7864912
0.6954497
0.7881025
0.694644
0.7881025
0.6970611
0.7840741
0.6986725
0.7881025
0.7002838
0.7824628
0.7043122
0.7776287
0.7083406
0.7792401
0.7155917
0.7703776
0.7228427
0.7590981
0.7300939
0.7526527
0.7349279
0.7437903
0.7437903
0.7365393
0.7534585
0.7268711
0.7615152
0.7163973
0.7727947
0.6994781
0.7800457
0.6938384
0.7889082
0.6930327
0.7848798
0.6978668
0.7824628
0.7043122
0.7752117
0.7131746
0.7727947
0.7220371
0.7663493
0.7228427
0.7615152
0.7268711
0.7607095
0.7300939
0.7574868
0.7341222
0.7550698
0.7373449
0.7494301
0.7381506
0.747013
0.742179
0.742179
0.747013
0.742179
0.744596
0.7389563
0.7510414
0.7349279
0.7542641
0.7300939
0.7566812
0.7308995
0.7566812
0.7260654
0.7615152
0.7228427
0.7687663
0.7212314
0.774406
0.7180087
0.776823
0.7099519
0.7687663
0.7051179
0.7679606
0.712369
0.7582925
0.714786
0.7542641
0.7180087
0.7437903
0.7268711
0.7333165
0.7389563
0.7236485
0.7518471
0.717203
0.7558755
0.7027009
0.7679606
0.7091463
0.7792401
0.7155917
0.7752117
0.7373449
0.7647379
0.7437903
0.7454017
0.7590981
0.7276768
0.7727947
0.7252598
0.7703776
0.7212314
0.7663493
0.7091463
0.7558755
0.7341222
0.7510414
0.71962
0.7478187
0.7300939
0.7413733
0.7341222
0.7325109
0.7413733
0.7220371
0.7486244
0.7131746
0.7582925
0.7051179
0.7687663
0.6986725
0.7864912
0.692227
0.7905195
0.692227
0.7929366
0.692227
0.7897139
0.6938384
0.7905195
0.6938384
0.7913252
0.6970611
0.7905195
0.6970611
0.7848798
0.6986725
0.7832685
0.7027009
0.7840741
0.7043122
0.7776287
0.7075349
0.774406
0.7131746
0.7655436
0.71962
0.7671549
0.7268711
0.7590981
0.7365393
0.7502357
0.742179
0.7381506
0.7542641
0.7220371
0.7623209
0.7043122
0.7760174
0.6962554
0.7881025
0.6970611
0.7824628
0.7051179
0.7760174
0.7131746
0.7679606
0.7252598
0.7599039
0.7325109
0.7526527
0.7381506
0.7429847
0.7486244
0.7357336
0.7550698
0.7284825
0.7599039
0.71962
0.7736003
0.7131746
0.776823
0.7099519
0.7671549
0.7091463
0.769572
0.7131746
0.7590981
0.71962
0.7526527
0.7220371
0.744596
0.7325109
0.7397619
0.7365393
0.7292881
0.7429847
0.7260654
0.7550698
0.7163973
0.7599039
0.7107576
0.7655436
0.7059236
0.7703776
0.7051179
0.7784344
0.7188144
0.7776287
0.7252598
0.769572
0.7413733
0.7534585
0.7437903
0.7373449
0.7574868
0.7308995
0.7711833
0.7163973
0.7623209
0.712369
0.7615152
0.7115633
0.7542641
0.7163973
0.7639322
0.7188144
0.7550698
0.7204257
0.7526527
0.7260654
0.7566812
0.7317052
0.744596
0.7365393
0.7397619
0.7462073
0.7284825
0.7518471
0.7228427
0.7599039
0.71962
0.7647379
0.7099519
0.7679606
0.6954497
0.7776287
0.6978668
0.7824628
0.694644
0.7897139
0.6962554
0.7872968
0.6914213
0.7905195
0.694644
0.7897139
0.694644
0.7913252
0.6954497
0.7913252
0.6954497
0.7921309
0.6978668
0.7897139
0.6970611
0.7921309
0.7002838
0.7913252
0.6986725
0.7881025
0.6986725
0.7897139
0.6994781
0.7881025
0.7018952
0.7881025
0.7027009
0.7897139
0.7018952
0.7897139
0.7010895
0.7872968
0.7067292
0.7872968
0.7075349
0.7824628
0.7075349
0.7824628
0.7107576
0.7800457
0.7107576
0.7808514
0.7139803
0.7776287
0.714786
0.771989
0.7180087
0.771989
0.71962
0.7703776
0.7212314
0.7687663
0.7244541
0.7615152
0.7268711
0.7607095
0.7292881
0.7590981
0.7333165
0.7526527
0.7349279
0.7518471
0.7389563
0.7494301
0.7389563
0.7502357
0.7413733
0.7429847
0.742179
0.7429847
0.744596
0.7429847
0.7478187
0.7397619
0.747013
0.7381506
0.7486244
0.7349279
0.7526527
0.7308995
0.7542641
0.7292881
0.7558755
0.7260654
0.7599039
0.7252598
0.7615152
0.7204257
0.7647379
0.717203
0.769572
0.7131746
0.7679606
0.7139803
0.7703776
0.7107576
0.7727947
0.7059236
0.7752117
0.7035065
0.7800457
0.6978668
0.7800457
0.6970611
0.7856855
0.6962554
0.7832685
0.6938384
0.7864912
0.6938384
0.7864912
0.6970611
0.7872968
0.694644
0.7856855
0.6962554
0.7856855
0.7002838
0.7840741
0.6994781
0.7848798
0.6978668
0.7824628
0.6994781
0.7816571
0.7010895
0.7784344
0.7059236
0.7784344
0.7067292
0.7792401
0.7115633
0.774406
0.7155917
0.7687663
0.7180087
0.769572
0.7228427
0.7671549
0.7252598
0.7631266
0.7300939
0.7574868
0.7333165
0.7534585
0.7365393
0.7502357
0.7381506
0.7454017
0.7462073
0.7413733
0.7462073
0.7373449
0.7510414
0.7325109
0.7542641
0.7300939
0.7582925
0.7284825
0.7631266
0.7236485
0.7687663
0.7204257
0.7752117
0.7163973
0.7776287
0.7115633
0.776823
0.7051179
0.771989
0.7051179
0.7703776
0.7139803
0.7647379
0.7163973
0.7558755
0.7212314
0.7510414
0.7284825
0.7429847
0.7341222
0.7381506
0.7389563
0.7300939
0.744596
0.7260654
0.747013
0.7220371
0.7590981
0.717203
0.7599039
0.7115633
0.7663493
0.7107576
0.7647379
0.7067292
0.7727947
0.7035065
0.776823
0.7163973
0.7784344
0.714786
0.7727947
0.71962
0.7679606
0.7252598
0.771989
0.7284825
0.7631266
